time	duplex	start1	end1	start2	end2	axisX	axisY	axisZ	hel_pos
0	0	0	20	1793	1813	-0.2948207556382797	0.5963460964391188	0.6669939590803942	[-4.639062651588205,-9.469850079918071,-18.084658648924517]
0	1	22	25	1486	1489	-0.5544632138808385	0.04765442112157899	0.8080184090633179	[-8.04455707095708,-1.9660659139194476,-12.824526878836704]
0	2	26	34	1779	1787	-0.5592653722229104	0.079387403911894	0.7962138788650602	[-8.948033802532724,-1.8742563608280627,-11.508923516909908]
0	3	36	46	1767	1777	-0.49800423982223097	-0.02576426272556137	0.8556819291212312	[-10.970636309071875,-1.6862190560546888,-8.201140378329448]
0	4	47	52	1459	1464	-0.5754957022805335	0.0392017238436836	0.7995387332119857	[-13.204792491234144,-1.8346569801275276,-4.272386325408095]
0	5	53	73	1740	1760	-0.5203222037887372	-0.20718445923818485	0.7953029878981507	[-14.402185840129484,-3.8419830295130217,-2.16503495030599]
0	6	77	87	1729	1739	0.8727084340652936	-0.37740152078436023	0.2648088102877386	[-18.23050592886407,-5.804369515858943,5.645369615420109]
0	7	88	91	1041	1044	0.7464659134525441	-0.5684178690501037	0.31127954173295636	[-14.016050800319746,-6.131425645513197,8.756262686542271]
0	8	92	108	1708	1724	0.7508265173202937	-0.48299586141912115	0.4124662373332703	[-12.622739341369346,-7.074716279958938,9.076504341458236]
0	9	109	112	1020	1023	0.9528240436449962	-0.210109548309337	0.07935667192165795	[-7.917633029077656,-11.90196703139343,9.86277898284025]
0	10	113	129	1687	1703	0.958739816960204	-0.11643289257918152	-0.09273026383862643	[-6.403314047326063,-12.2726439219435,9.964611655113575]
0	11	130	133	999	1002	0.9463416428191848	0.10723882751425427	-0.28534902459697065	[0.6940020457291249,-11.589914815070099,11.188659258677228]
0	12	134	155	1661	1682	0.8865667888680371	0.2838392932326071	-0.2530157758047384	[2.32436583897731,-11.318183279816058,10.74217521814384]
0	13	156	172	1641	1657	0.4740011357615767	0.8508830308871912	-0.015756163834181457	[10.08172594432925,-8.348524976633865,8.333958699723265]
0	14	173	176	1184	1187	0.11684160139822451	0.9880586312095203	0.03634447163201233	[12.859249914042852,-2.4188456386160118,5.624954494753856]
0	15	177	187	1626	1636	-0.1825524071441063	0.9526089325792937	-0.1285094744387121	[13.022795205556925,-0.8318497240779511,5.670073614808107]
0	16	188	193	1167	1172	-0.13856494722618373	0.9818453178822623	-0.05909448909574568	[12.343970313606746,3.3144205714381876,5.164401838944558]
0	17	194	208	1605	1619	-0.1572165001237193	0.9358711758300812	0.05077498208724139	[12.656392922073922,5.9515531027545805,7.393360015662119]
0	18	209	213	1147	1151	-0.49435920180165605	0.8529887273817903	0.11003643329591795	[11.424433705505944,11.789008148664958,7.658196393138711]
0	19	215	223	1590	1598	0.041943487963343136	0.7948513155215384	-0.5337806559053471	[10.149265271531501,13.782998553962972,5.313301507630102]
0	20	228	242	1574	1588	-0.16492747248324288	-0.2411216352529382	-0.933126800051855	[10.15309729028072,16.678019457269716,2.4929873778894693]
0	21	243	248	1337	1342	-0.09919877433413082	-0.48262346854886207	-0.8584279189615909	[9.18365216540101,15.210193662443636,-3.055138073928501]
0	22	249	263	1553	1567	-0.14771082657589624	-0.4043188237572145	-0.8672654817479561	[6.618317474835896,13.399932908463276,-4.369187613694031]
0	23	264	269	1316	1321	-0.39408813644996954	-0.4870105977243324	-0.767155390547177	[5.643522726811655,10.863902111677646,-9.466450820001171]
0	24	270	284	1532	1546	-0.36187207414825334	-0.6951047911125244	-0.58538089431134	[6.698101971294165,10.274513262527979,-12.68888521131202]
0	25	285	290	1295	1300	-0.4101424951910474	-0.6341335365386582	-0.633686336946397	[4.263032366820166,6.154493277014995,-16.53346356242995]
0	26	291	306	1510	1525	-0.4939983939138423	-0.8107234411685733	-0.17089183127663485	[1.1734837466074182,4.671793414935141,-16.96425441708329]
0	27	307	323	1490	1506	-0.7101369910031521	-0.26636705724731014	0.6199030360107436	[-3.195313931065602,-0.2971205560326795,-17.272490501956746]
0	28	328	348	1465	1485	-0.5243885700588419	0.004398271943535962	0.8137153074529877	[-8.555980680158193,-4.298640721165331,-10.984454155298513]
0	29	349	354	1761	1766	-0.5414470745050319	0.12421382339506837	0.8209332911576892	[-13.075890064745716,-4.138393276794798,-4.025349021585467]
0	30	355	362	1451	1458	-0.45183330176471587	0.19682873519555125	0.8530363050832095	[-14.568102307760789,-1.6674810741937143,-2.2186458689296575]
0	31	364	381	1432	1449	-0.39871853807507734	0.37871762980547474	0.7877712791011134	[-16.2495498612503,-1.0125146825169178,0.9624592638867133]
0	32	385	401	1409	1425	0.8153104032254314	0.4546682975756707	-0.16237562678917208	[-16.806189507915498,2.813161613100643,6.9000913175213]
0	33	402	407	725	730	0.8041815749525927	0.5851513417972296	0.023619736045134107	[-11.19475700470573,5.844101932055211,5.864434411546469]
0	34	408	412	1398	1402	0.782888804473088	0.6043918415783952	0.06566334298841127	[-8.584506166366555,6.589511541160387,8.214648626188303]
0	35	414	432	1378	1396	0.7842034148118154	0.5447358687430373	-0.15026330293504542	[-6.6103004036990844,7.912108108126537,8.472745539952061]
0	36	433	438	694	699	0.9118549310447026	0.32139394752948747	-0.21390192655230883	[-0.666015050789981,12.039026745095521,7.334109860779236]
0	37	439	454	1356	1371	0.6707728455349459	0.4551236075139438	-0.5036342842734737	[1.4747275940209472,12.571586646662753,4.7713732285268335]
0	38	455	464	1343	1352	0.27794973725433225	-0.10217117307185974	-0.901190534597383	[5.8106908584570425,15.473587507681636,1.1764720577578438]
0	39	465	470	1568	1573	-0.10116720372914641	-0.6145886109836287	-0.7790619718122321	[6.7946535084168405,14.863089558791138,-2.457759753209328]
0	40	471	485	1322	1336	-0.21200807669824726	-0.41767722181758565	-0.8589884747148854	[8.87215434709758,14.14945742516516,-5.228317780363727]
0	41	486	491	1547	1552	-0.23307407754312148	-0.5768235944214173	-0.7731834058629035	[7.329967775629241,11.624410063604572,-10.710259814016908]
0	42	492	506	1301	1315	-0.42004151939731255	-0.5507333297247945	-0.6705314701671558	[4.714802334352649,9.643761139320862,-11.371256377761007]
0	43	507	512	1526	1531	-0.3802291944372389	-0.6646866948861183	-0.6277501654230118	[2.1476109457593404,6.282254942727927,-15.384930598039922]
0	44	513	523	1284	1294	-0.36487110656863886	-0.6483163602563031	-0.6352562289655415	[3.195557305744875,4.669200134220395,-18.266213416834084]
0	45	527	552	1258	1283	0.023171203732560784	-0.514896512054725	0.8292841650302911	[1.6861319429845467,0.7772006731859942,-20.24438584973324]
0	46	553	558	876	881	0.4999571404109019	-0.42710334881438616	0.7192551427917214	[2.1585395159466345,-4.608511469706089,-11.532956130268072]
0	47	559	579	1231	1251	0.47359720214381146	-0.45039375882058785	0.7060219834415367	[1.4731550691024484,-7.014699009763925,-9.380905074185687]
0	48	580	583	851	854	0.5199854123687916	-0.3034876725987306	0.7745283147259875	[7.571281679918636,-9.617164622085834,-3.514722945139194]
0	49	584	600	1210	1226	0.5483597831385767	-0.11572944054863415	0.7720833147994721	[8.450199577974267,-10.17869475959801,-2.3755364303349618]
0	50	608	625	1188	1205	0.01067880077163875	0.9438965883783451	0.2316302491041392	[12.670914708950157,-9.347608071549905,4.047735487713063]
0	51	626	629	1637	1640	0.006350257475485806	0.9797412758529781	0.04537614121340656	[13.157016156003007,-2.406452299434461,8.145163430057728]
0	52	630	640	1173	1183	-0.010446083518771854	0.9569095963929616	-0.15240385996126468	[13.152247473832706,-0.7323181392768461,8.210321442896777]
0	53	642	646	1620	1624	-0.10118477454114191	0.9889094839126923	-0.04349601160403185	[12.911014534826819,3.8697810210615646,7.435577851301164]
0	54	647	661	1152	1166	-0.19538956793164478	0.957846449690067	0.04358594837005817	[12.244611216155224,5.647557746550499,4.920930102380664]
0	55	662	667	1599	1604	-0.37414102242470654	0.9040271515670815	0.07001206176350314	[11.000800522302784,11.589171822861694,5.116705343725194]
0	56	669	682	1131	1144	-0.8019307332981213	0.5330186298586893	-0.022148292404851742	[10.096278275750894,13.681311241542378,7.95222325670057]
0	57	684	693	1117	1126	-0.7121482512260165	-0.68978137786989	0.01628767195667541	[4.190892209919696,15.520900273288387,6.728341662276193]
0	58	700	724	1086	1110	-0.834883557354563	-0.4730004170063851	0.11091184908154007	[-1.212273352066632,11.711544968780775,4.824218498188137]
0	59	731	756	1054	1079	-0.4277155588576232	-0.8407493637674743	-0.06448425720840194	[-10.799785138995714,4.8655543419502925,8.147588206819211]
0	60	757	762	1045	1050	0.3105845486757707	-0.794802802356563	0.48375479185357806	[-14.97858001558913,-4.127335441982159,7.59996818414661]
0	61	763	766	1725	1728	0.6304207582643276	-0.6786629086897934	0.37369467478908175	[-14.399821764358055,-7.580720887905813,6.961173099070617]
0	62	767	783	1024	1040	0.7742231585561834	-0.48400521968364296	0.3023456273291801	[-13.369098057492979,-8.649993276725091,7.698486514870712]
0	63	788	804	1003	1019	0.9498208921967318	-0.20249448229605763	0.0035178294242372773	[-5.746849534978926,-10.18548671977733,11.423494373873158]
0	64	805	808	1683	1686	0.9526149351324	-0.1007796704511111	-0.24492045413269894	[0.24727780659958296,-12.947134428129873,9.354291576275578]
0	65	809	825	982	998	0.8972556441177153	0.06631045984709867	-0.37971510955103155	[1.9322707455596633,-13.147283577306977,8.946949893553024]
0	66	829	835	975	981	-0.20039901870343257	-0.17400767432076034	-0.9584453050369414	[9.071634364275383,-12.492232710775834,5.515772327656869]
0	67	837	850	960	973	-0.44721203153817074	0.25851156129995084	-0.8166061150772842	[8.452602446371955,-12.790648045088485,2.364628536188129]
0	68	855	875	935	955	-0.4896402605976795	0.4222401337977312	-0.7311343554794233	[7.454792635617528,-9.334567027310772,-3.8129302475017637]
0	69	882	902	908	928	-0.6377597578843492	0.3125238841109358	-0.6572797664029136	[0.5464778832437737,-6.465783812379917,-11.871567741524945]
0	70	929	934	1252	1257	0.37270857112521816	-0.20267315835953145	0.8989566497663242	[0.6362721165790824,-6.594399961162608,-11.544078818351961]
0	71	956	959	1227	1230	0.28668603023206396	-0.4739753719026241	0.8276474479636057	[5.689650160767719,-10.72329497524077,-3.2588991381637165]
0	72	1080	1085	1403	1408	0.8483780033118032	0.5006613575988015	0.061165540942455875	[-10.639085302982563,5.271163287972797,8.157870180354415]
0	73	1111	1116	1372	1377	0.9020377760958113	0.37314379315529206	-0.004311979431733948	[-0.867187756105668,11.777404326286337,4.783884889126044]
