t = 0
b = 63.0 63.0 63.0
E = 0.0 0.0 0.0
2.5178335881356078 15.166381293754489 0.6053037418683774 -0.9260254990857408 0.2251657252285616 -0.3029474727164768 -0.41213665868369304 -0.20840066218230913 0.8869681722423958 0 0 0 0 0 0
1.2380681691475912 13.223620915553143 5.073313142986992 0.04726509671950786 0.8946943774203928 0.44417111752615274 -0.4696159475942843 -0.40541268071961195 0.7842840174814609 0 0 0 0 0 0
-0.49616202553971755 13.137345529086438 7.278456278719806 0.6786680617880801 -0.7009371454081179 0.219309781122342 -0.641070501900632 -0.4126489766344394 0.6471085176965466 0 0 0 0 0 0
-2.8124744857770656 11.122931185886022 10.225819203371293 0.7664486292428523 -0.5377586718267997 0.35124366130483997 -0.6483793946531418 -0.6179144878548866 0.4447312067847935 0 0 0 0 0 0
-3.9934178821799975 9.081087006507982 12.432047574403532 0.019933026497256298 -0.6279489995101095 -0.7779991828202084 -0.6005901299765406 -0.6179530566697075 0.5073711812148256 0 0 0 0 0 0
-8.546586885366281 5.647354006741922 13.928129802614837 -0.6843110115357666 0.04699099794337819 -0.7276745739705226 -0.6306479363301706 -0.6406228977494797 0.4380473527845556 0 0 0 0 0 0
-12.275716393040673 1.496185667124844 12.762151962188165 0.22253511101379006 -0.9226006028185963 0.3150972104682027 -0.22944497606432723 -0.35694973959685355 -0.9055064253557669 0 0 0 0 0 0
-12.075573464189064 -1.681955415427873 10.595457834272825 -0.7190058133950543 -0.5432030234180861 0.4335448254258911 -0.2845127897704215 -0.30317801451599785 -0.9094699357159584 0 0 0 0 0 0
-13.33560756956456 -2.75573106851672 6.850450459859476 -0.9187572353718665 -0.3131391242940052 0.24047667514382384 -0.13195137685430208 -0.313300536416245 -0.9404422406652878 0 0 0 0 0 0
-15.741496594736036 -1.541003228715997 3.133458826509556 0.7603451587137969 0.6084324678357518 -0.22734373029355281 -0.23552058341192686 -0.0541551027279716 -0.9703593559284254 0 0 0 0 0 0
-15.922295899171322 -1.65862500633138 -1.2726213870646594 0.9261741928243523 0.37664717269144404 0.01839216816204018 -0.013296072759596482 0.06546283945399461 -0.9977664211125727 0 0 0 0 0 0
-13.402784849477639 -3.4124277734199153 -4.685801869310466 -0.6783116960140939 -0.6811936196831234 -0.27544236339656925 0.4011403539180101 -0.07267668355617879 -0.9131289701492383 0 0 0 0 0 0
-11.516891201766931 -4.721503670160697 -9.055551811794228 -0.5875040072191849 0.5877831877821537 -0.5561923818806308 0.41229705806401346 -0.4134165367717161 -0.811848448317443 0 0 0 0 0 0
-6.305501828168978 -7.288653391686832 -12.241717308971722 -0.1251669101994719 -0.38429676826692727 -0.9146853221139568 0.7535265687314748 -0.6339643042471231 0.17403152345546785 0 0 0 0 0 0
-1.9319336243228409 -8.11540200018535 -13.261379943518053 0.1827175105723962 0.5929903124103975 0.7842045656062234 0.8652586721368626 -0.4695162818896539 0.17573244245860903 0 0 0 0 0 0
0.2789963914315179 -9.349958635502476 -11.236346266654499 0.6966912810537591 0.45382167813308455 -0.5555782063401544 0.6981143167182229 -0.6026986844954938 0.3865109267542768 0 0 0 0 0 0
3.019352189658353 -10.21079799437598 -9.80044467463742 0.050366573134592356 -0.7384644432642543 -0.6724087107891247 0.6449906233393651 -0.4897805486730329 0.5866021734922572 0 0 0 0 0 0
4.739181083950014 -14.310010628839114 -7.2191072142877575 -0.214905627403593 0.6061580813788453 0.7657597219032777 0.8504677015504786 -0.25721616297769184 0.4588513202797607 0 0 0 0 0 0
7.53002523951759 -15.101186754449833 -4.417184864471768 -0.240047642156378 0.8914269267759664 0.3843633225399105 0.7625045048034071 -0.077692740415784 0.6423011118168772 0 0 0 0 0 0
11.348017014333921 -13.088250905299367 -3.5301269060690625 -0.4843612768562248 -0.547764962380339 0.6821639828301355 0.7315403204854873 0.24847641710713983 0.6349080481814584 0 0 0 0 0 0
13.657642390369986 -10.250970865032974 -1.1190291088061957 0.9460261533419505 -0.2700026063418365 0.17925710519153049 0.20003312552723146 0.9167421663642733 0.3457897469583879 0 0 0 0 0 0
14.712075034980721 -6.720824599385976 -0.8540751348935864 0.8517640146699412 -0.10657606993537674 0.5129713487422799 0.039592140359455415 0.9929671866457254 0.11157342276111484 0 0 0 0 0 0
15.148325498908614 -2.4533462281467404 1.8264152110865082 -0.9524742370079045 0.1134900321900947 -0.2826885926769975 0.14526829706909927 0.971539249828693 -0.1871058735287171 0 0 0 0 0 0
14.63692528942678 1.550645829430689 1.3537255419431946 -0.8306116087531712 -0.21827944679220831 -0.5122874569151155 -0.11071465691696888 0.9651652130415862 -0.23706196716923533 0 0 0 0 0 0
13.264571152979624 5.123296274433196 -1.9936727810471266 0.8115014670583045 0.5259951287385787 0.25454762522071495 -0.5148304295832428 0.8572885136977859 0.0024562282009242507 0 0 0 0 0 0
11.768966730016711 8.72543643792606 -2.4314238006657507 0.6970349534798354 0.4342105917878278 0.5706167151482929 -0.5024028035668711 0.8646203891772636 -0.004796413983930717 0 0 0 0 0 0
9.070691934170014 12.391115097313973 -0.01758180179922662 -0.7139584450080237 -0.6263064487682884 -0.31305522042122236 -0.6342190529943926 0.7684991558339422 -0.084706790173008 0 0 0 0 0 0
3.798051374048717 13.81101392662286 2.58251183068221 -0.010560019214829332 0.9998434502913641 0.01419721464383095 -0.564106154819182 -0.0749369458682241 0.8222947769742064 0 0 0 0 0 0
-3.9064631771921365 11.860181122826651 7.195814847058891 0.808170801871541 -0.36842811204013637 0.4594787059928362 -0.5998966813055963 -0.5934960509811411 0.5365504722095794 0 0 0 0 0 0
-5.927605144194015 8.68300998143326 10.516247198254058 0.021388510637854966 0.6936783124114824 0.7199673121070513 -0.36029275891900714 -0.6616927087538472 0.6575347040670375 0 0 0 0 0 0
-4.533749948061409 6.4587300014309905 13.181958679118049 -0.8630066606288899 0.38041395568978126 0.3324225113114711 -0.1178834559005688 -0.7467902448774187 0.6545287014187106 0 0 0 0 0 0
-5.888056936716129 2.5243501489806586 16.540526235188846 -0.02108971928031666 -0.5340840900671493 -0.8451682722853613 -0.26406031046719725 -0.8159484582486571 0.5142958933509066 0 0 0 0 0 0
-2.9146445025536134 -4.548487346483983 16.701421937236347 -0.20385366898555815 0.1774626992334591 -0.9627827750961799 0.5081566052743087 -0.8056054961200201 -0.3045925953422156 0 0 0 0 0 0
-0.18778796643219203 -7.182617994290705 14.700406686368131 -0.10657006664620725 0.5132610724384942 -0.8515902139023851 0.6079554649688319 -0.6379745698193034 -0.4726294540952842 0 0 0 0 0 0
-0.30646636773914876 -9.820073962342635 12.395740185520852 0.31044951376276086 0.716358164783898 -0.6248616480085099 0.5153845064655824 -0.6694012267094639 -0.5350521546308293 0 0 0 0 0 0
2.9029323395376787 -12.03824453292825 8.937838790676784 0.7310661195234222 0.38353150028632255 0.5643101249960768 0.6652564240545862 -0.23165516681321485 -0.7097674083408212 0 0 0 0 0 0
6.54423187577584 -13.082216181064034 6.192280903771381 0.5472923861422299 -0.3651568586598368 0.7530813453036957 0.7751666353633679 -0.13305443678424891 -0.6175865965769186 0 0 0 0 0 0
11.426829766673336 -12.317825088575308 4.817749324402255 -0.4039718946514419 0.6585616777610466 -0.6349041068667611 0.7028879062475762 -0.20217090293318749 -0.6819644545414945 0 0 0 0 0 0
14.77862930467667 -9.745537688772805 1.7424993848846433 -0.5673301015003657 0.29323844903343904 0.7695113825929075 0.10484138593177045 0.9330034709989818 -0.3442568908529758 0 0 0 0 0 0
15.08423717094228 -6.668064232422504 1.982412763673866 -0.8411373300390268 0.056822368358624906 -0.537828235098283 0.16156311627808329 0.9663133458030138 -0.20033940496442473 0 0 0 0 0 0
14.888816090762989 -2.676669840183124 -1.1898170019868375 0.9415213303291466 0.21918067861894866 0.2559246269028656 -0.23013122181311965 0.9711319304802033 0.06278848898161324 0 0 0 0 0 0
14.39423507079649 1.1991710540799272 -1.4321189604962825 0.8162190127060066 0.23072650404726444 0.5296714109968175 -0.292509095066978 0.9556287566765533 0.03481535172768732 0 0 0 0 0 0
13.388860390275688 5.623291552943792 1.0034799743553535 -0.9238571622125198 -0.22501212388460137 -0.309608604424313 -0.16001216372612712 0.9556488257140124 -0.2472477085255027 0 0 0 0 0 0
11.738294210641605 9.21748241575138 0.3665389813194566 -0.6648455890864118 -0.4989698681907332 -0.5558861513925889 -0.3778868812365826 0.8765569819945951 -0.2980761015341818 0 0 0 0 0 0
11.039843175848246 11.917066153663603 -3.287654607601266 -0.12004303935256021 0.33868922474012375 0.9332091286244116 -0.551045265572544 0.7547086510222166 -0.35603927783646344 0 0 0 0 0 0
6.611556627639666 15.00591521157062 -6.838310669524368 -0.1747235900253066 -0.9690086183535628 0.17462521194028094 -0.5946303401706354 -0.05217487223739429 -0.8023045190297546 0 0 0 0 0 0
2.312364937286684 12.492691019926555 -10.338112107537965 -0.260342840024759 0.7955270273647099 -0.5471365043388267 -0.7775463651058656 -0.5146486624912223 -0.36132866521582796 0 0 0 0 0 0
-2.596279831669374 9.88853906575281 -11.173498272397275 -0.8105999072607292 0.43144098083079485 0.39596271340703143 -0.5304220808229294 -0.8195829796259689 -0.2166475379109861 0 0 0 0 0 0
-4.494907943171336 6.358310736163212 -14.214421005563427 0.6404959134231986 -0.6175408711378174 0.4565175323714612 -0.5052244387822721 -0.7843032375935309 -0.3600231908605938 0 0 0 0 0 0
-6.303358210811886 2.544053641253024 -15.152632369340317 0.5802728468479994 -0.3552430226942218 0.7328613907404257 -0.23567640700564155 -0.9336340133640869 -0.26978539669629836 0 0 0 0 0 0
-4.97053988115401 -5.265916336771242 -14.474474106686468 0.517453321685077 0.5059348883454019 0.6901245892098078 0.6386976732396269 -0.7640721182956731 0.0908794819607245 0 0 0 0 0 0
-3.1226982146094797 -9.021111788107923 -11.673315035279222 -0.11598567966411552 -0.7029392037107548 -0.7017291486031795 0.6951975035225387 -0.5544783845984793 0.457443058870818 0 0 0 0 0 0
-0.5024464783509872 -10.86269809828446 -11.357611825609235 -0.5428963904966376 -0.5286439086166642 0.6525328551637981 0.836121743722056 -0.33159662412068097 0.43697151914850973 0 0 0 0 0 0
2.1721197329439397 -12.704756504779182 -9.665554549665707 -0.4488892785292062 0.31666813843482483 0.835595419878395 0.8277486106190921 -0.21763068101999142 0.5171741721092976 0 0 0 0 0 0
6.065542239248522 -11.572875851832537 -7.543146573438529 0.47886875747026375 -0.6801631028806595 -0.5550341130044522 0.5346165431404912 -0.29244460323412574 0.7928816468047083 0 0 0 0 0 0
8.686250501718618 -12.550103166964172 -4.8761581732149635 0.268559094257822 -0.8648212476543192 -0.42421718788498536 0.5316016366951392 -0.23623870292852056 0.8133824285670913 0 0 0 0 0 0
9.638926851275146 -15.401454215585739 -0.740520543425223 -0.4991258900446817 0.7804066344327135 0.3766149636173652 0.5576593007410872 -0.027647882513029767 0.8296093652373432 0 0 0 0 0 0
9.494520817537474 -14.34113075922626 4.517781742395626 -0.8500990986784417 -0.3670656589328491 -0.3776166368928868 -0.48316575355564984 0.5126813334464709 0.7097243865942253 0 0 0 0 0 0
7.14325280307889 -13.485266457660396 7.015521851375322 -0.5460204174438972 0.3726027367903901 -0.7503525200002353 -0.596988045792597 0.45525413594573577 0.6605671388171209 0 0 0 0 0 0
4.626297800165296 -9.974026270328642 11.673126884080096 -0.18391900197976613 0.6875463558597584 -0.7024626746345554 -0.5917195272962708 0.4940673385824439 0.6369972260240532 0 0 0 0 0 0
-0.31073445872113953 -6.619349726125079 13.757527346591393 0.12035943151934687 -0.5077960068088371 0.8530280316105322 -0.8425801175396839 0.39739314291524214 0.36350713265458545 0 0 0 0 0 0
-6.0592352944372685 -4.1780966252849305 13.424008469199627 -0.42798916260460346 -0.6112972875703062 0.6656882925981175 -0.8624808326556765 0.49866514756376157 -0.08637061946508759 0 0 0 0 0 0
-11.846011522664003 -1.9916672293353483 12.756831369053412 0.6766169158305553 0.3589810091027843 -0.6429013799296855 -0.671944278285548 0.07641019524433137 -0.7366494206486808 0 0 0 0 0 0
-13.5280509098816 -0.16832011731471985 10.954505361448376 0.6553272447824325 0.5085324104339322 -0.5585167766362265 -0.5591279259817612 -0.11930778666476285 -0.8204520793004851 0 0 0 0 0 0
-15.13800247269504 -0.6227977865101577 6.976550291912402 0.8820239019774423 0.29918839362609284 -0.3640331598356466 -0.36595459360587285 -0.00884988500504511 -0.9305906269429959 0 0 0 0 0 0
-13.852417603744042 -3.5894680287609075 -0.946619647381785 -0.91310153690955 -0.3836756761104003 -0.1379802842968699 0.21120536673957596 -0.19149354030581758 -0.9585001393226531 0 0 0 0 0 0
-15.070737119805056 -2.1240294101654813 -5.126533646684209 0.7359685985810436 0.6655354261608897 0.12414837263330428 0.09037031582284699 0.05746753508660415 -0.9942488060989305 0 0 0 0 0 0
-13.699686217666091 -1.4734475736334844 -9.166201942859201 0.8119730100188827 0.38555018221695264 0.438236109869269 0.29013429659576023 0.32751307373791944 -0.8991981297075876 0 0 0 0 0 0
-11.159461439326646 0.8392160837195765 -12.435670850501413 0.7768961790493277 -0.5508025796266861 0.3050390880774839 0.6047472215189985 0.7902551063679542 -0.09888207585009859 0 0 0 0 0 0
-8.405593284845903 3.8643162699309506 -12.841259705866717 0.8053871406155716 -0.5833455884817558 0.10516405341155133 0.5806278555611183 0.8003665450735385 0.14928056428599332 0 0 0 0 0 0
-3.7944763603804894 5.680919140502026 -13.709401410305611 -0.6373460565692228 0.6138945148162537 -0.465750500648338 0.6727529498997744 0.7360251000868215 0.07530285813523938 0 0 0 0 0 0
-0.8796436348433019 9.217628163798354 -13.19981734705771 -0.7293679149209474 0.5757026411067396 0.3695793740275477 0.6474242635948197 0.7514989611724798 0.1268508347051334 0 0 0 0 0 0
2.038259675977668 13.358503434601992 -10.932450860420536 0.2524285472378918 -0.7977150306837635 0.5476591625825041 0.5298085678612142 0.5966386728245071 0.6027646103671482 0 0 0 0 0 0
3.591117896814655 17.500167304171516 -8.671068163548409 -0.6225399023538877 0.3217546628812667 0.7133848939327034 0.512001618773504 0.8576613690032129 0.047658351763843414 0 0 0 0 0 0
2.9707724688647517 17.829593963926985 -7.9415642310552315 0.6126086784749447 -0.3298675221125998 -0.7182604158050724 -0.7006173136988025 -0.6524406331926337 -0.2888885596638764 0 0 0 0 0 0
0.17351940102637364 14.33305565278372 -9.725667740859807 0.46060858322719156 -0.6871285337670758 0.5618666310972273 -0.550321588663626 -0.7159844435484338 -0.42954909573572886 0 0 0 0 0 0
-1.6779112065814275 9.84875328583506 -12.799763691613522 0.7318689850509543 -0.5778213989347019 -0.3612343002175043 -0.6795156695262456 -0.59415280636331 -0.4303962099727427 0 0 0 0 0 0
-5.205156089434049 6.31696357680728 -12.214465760490935 -0.7524402531522085 0.4979873496839362 -0.4310942646231906 -0.551789284307875 -0.833323304050944 -0.03317915985405591 0 0 0 0 0 0
-7.533420991516866 3.2334823241490445 -12.741667753780414 -0.8036946824680294 0.5877089114098201 -0.09312944122079507 -0.604174460370886 -0.7750456914003042 0.1851415611832553 0 0 0 0 0 0
-10.331198430167975 0.25034943604962956 -12.111871439273559 -0.7698573776345233 0.5603408253536388 -0.3055123197903774 -0.6361247510270872 -0.6523502440438355 0.41204909929118233 0 0 0 0 0 0
-12.85148010926919 -1.0590574255961431 -8.697833582705165 -0.7996865797038081 -0.3962468636575847 -0.4510984341395483 -0.46686235377560226 -0.02267306597789707 0.8840392947749925 0 0 0 0 0 0
-14.159272555110405 -4.1589118627901085 -5.00238173994764 0.688987457066264 0.6657532712676776 0.2864766409356079 -0.19639802498055162 -0.1715915454791475 0.9653932656196729 0 0 0 0 0 0
-14.858120836105932 -4.011132139351805 -1.0998723852798833 0.9101699436164222 0.3895592645010469 0.14083413357095703 -0.09104822697644199 -0.13297042790318872 0.9869291188670488 0 0 0 0 0 0
-14.899184527272196 -0.8787457489806032 2.8716719175515077 -0.7662149944197733 -0.5970418454864267 0.2376039079318111 0.03741843618251185 0.3207817702126057 0.9464137131999526 0 0 0 0 0 0
-14.177175819556478 -0.2933122946388398 6.573235483562236 -0.8791206000171926 -0.3000317161602554 0.37030789881305937 0.24738167158385746 0.34202929995500536 0.9065419276220298 0 0 0 0 0 0
-12.867334490967467 -2.2648750635908086 11.059077943201462 0.7332915193522321 0.532825160153369 -0.42235162643658847 0.4682188005355315 0.0024015522471238426 0.8836092956572337 0 0 0 0 0 0
-11.129332179075973 -1.615267502152381 12.077287009635883 -0.6726230110362638 -0.3644620881183994 0.6440075087674725 0.551392973106055 0.2808934371909977 0.7855346371435779 0 0 0 0 0 0
-6.5265025061681285 -4.836575546374278 14.149933485346342 0.42927116614675837 0.6082388994516438 -0.6676613715865666 0.7162470416908513 -0.6802253410759975 -0.1558321553054659 0 0 0 0 0 0
-1.8403808099147851 -7.761294844300745 12.400234745554405 0.028673699777319324 -0.4730166847650447 0.8805867560183758 0.8299662367400089 -0.4728866661954791 -0.2958618711597575 0 0 0 0 0 0
4.423567471871782 -9.219172741431334 10.908290696316303 0.17852928110740823 -0.6898883076744834 0.7015564258998055 0.8239488160354715 -0.28409262151747205 -0.49030575251884917 0 0 0 0 0 0
8.606339812440302 -11.845422016675307 7.782152916754898 -0.5936602439013401 0.4262321315395727 -0.6825640518326715 0.5754273375823641 -0.38169117763113297 -0.7233223514322163 0 0 0 0 0 0
8.571135632001354 -14.749531409664218 4.108735085276951 0.8431175195156722 0.3796131755522026 0.3808499510737957 0.43605898087228084 -0.21432597522377392 -0.8740234216226737 0 0 0 0 0 0
9.103961811156797 -14.551334889579788 -0.3352483389045943 0.48382689384259275 -0.7926066576672267 -0.37106094245584 -0.2912717133577219 0.2451214713219511 -0.92470333258544 0 0 0 0 0 0
7.274793333346189 -14.125873111924687 -4.0040691818289975 0.2253252278048219 -0.8998036139420982 -0.3736067425133605 -0.507895511530338 0.2236473943119071 -0.8318797944323632 0 0 0 0 0 0
6.61440804185844 -12.320543072637546 -8.157489068375279 -0.5046903050110618 0.6628926264117817 0.5530470702180162 -0.7333514830850657 0.03615317433364219 -0.6788877302194641 0 0 0 0 0 0
3.0735118619293904 -11.03478879111544 -10.538318800395716 -0.053616153512525716 0.7459558603398103 0.6638336858786353 -0.8646253504278274 0.2938763213662312 -0.40750424677272773 0 0 0 0 0 0
-1.103155134815991 -11.463910642228273 -10.637688962274396 0.5441655688400115 0.5498179546931468 -0.6337065964514426 -0.7950310118148652 0.5738556987216497 -0.19650783011706904 0 0 0 0 0 0
-1.7279734223142527 -7.457407430769504 -12.384307770112546 -0.18259176094614635 -0.5943029950445349 -0.7832395539780156 -0.6570444490506626 0.6601976645452249 -0.3639115767610889 0 0 0 0 0 0
-4.418243673069548 -4.721889070370013 -13.74172857626743 -0.5134079373357511 -0.5177124146032769 -0.6843874236470847 -0.4088302452270469 0.847449839459372 -0.3386541010941361 0 0 0 0 0 0
-5.690769153050057 2.1731837342043323 -14.387234357470469 -0.5807746578690532 0.35530345958360743 -0.7324344669559208 0.4908972837826647 0.8703800047959459 0.03819036562028667 0 0 0 0 0 0
-6.030611029364488 6.868773599784811 -12.694496671185357 0.7398293867685525 -0.5049255958290175 0.44463762903107856 0.3957626975706031 0.8572720401442082 0.3293274000119431 0 0 0 0 0 0
-3.482234534046622 10.358025975295664 -10.742639225877987 0.8090755359121303 -0.4279533143727277 -0.4028060797777219 0.5848557602591984 0.6362271606817255 0.5031488246061049 0 0 0 0 0 0
0.6688453968227555 13.589553823748295 -9.125169530749764 -0.4656895219254929 0.690914979957571 -0.5529645193310644 0.7502538640959141 0.6382047177367379 0.1726669559230145 0 0 0 0 0 0
6.430138929134686 13.986783417604649 -6.655602202348909 0.17189044485816465 0.9686946218895349 -0.1791212005563638 0.8250582524730438 -0.032603921348928845 0.5641062527031586 0 0 0 0 0 0
10.91592424947747 12.281745983582764 -2.305922390484964 0.10791974471611405 -0.3470036549596651 -0.9316339367718646 0.24221323907730458 -0.8922060906153548 0.3811837334994054 0 0 0 0 0 0
12.52312412373866 9.194763717679852 -1.8083153049901748 -0.6873385661341096 -0.4267976707927805 -0.5877154445057264 0.3142382117063143 -0.9126899690052638 0.26124962541750835 0 0 0 0 0 0
12.388546828388453 5.392292280164594 0.6896487615612454 0.9357308265891822 0.215479682818256 0.2792424152296165 0.2598935776065883 -0.9614586587281607 -0.0897361458694015 0 0 0 0 0 0
13.74659525604708 1.3045398562962551 0.7872693560665049 0.8128621983320206 0.22625166131700314 0.5367170877418854 0.2887907797120167 -0.9566951486327859 -0.036527772116802054 0 0 0 0 0 0
15.924191956699126 -2.424032358470644 -0.9248137897139833 -0.9474947759704236 -0.22871833236813666 -0.22347611493735797 0.15246526430779017 -0.9525795214689153 0.2633374231999848 0 0 0 0 0 0
15.644434874391541 -6.835834320222388 -0.304443804128059 -0.8568386374950652 0.11074778544381016 -0.5035498756974249 -0.2174056129949803 -0.9552443960250809 0.2006064388322452 0 0 0 0 0 0
14.184880316018669 -9.436990249036805 2.5483722356607825 0.5632662287918213 -0.2856730657706013 -0.7753206143240777 -0.3636660119466566 -0.9230532644538733 0.12537823868543613 0 0 0 0 0 0
10.988919037268756 -11.60957696487153 4.129027953387074 0.41316704853156117 -0.6514726860098596 0.636298930842114 -0.8617518406316197 -0.07082807033011453 0.5023615725962008 0 0 0 0 0 0
7.950153113345822 -11.379365517680608 7.025797959632738 0.5957482568751854 -0.42259450659617404 0.6830065134571662 -0.7320863528833715 0.09338624841066293 0.6747803942985492 0 0 0 0 0 0
3.712946757522471 -11.621954221122133 9.564512383439256 -0.7314655160632917 -0.3668351670410772 -0.5747957541877003 -0.6749938451831533 0.5218913833859133 0.5215483610485215 0 0 0 0 0 0
0.04121368312833628 -9.028880752898509 11.713266291154753 -0.31612578977059247 -0.7196306174514746 0.6182202354083279 -0.7617825020172547 0.5741937778535599 0.29998154125643817 0 0 0 0 0 0
-1.79684844160453 -8.279447798760113 13.37702666527065 -0.049458514733349744 0.4633433470097364 -0.8847976029025995 -0.5975706954509196 0.6892187310474045 0.40973992325829073 0 0 0 0 0 0
-3.138173447531689 -4.3583209171044786 15.671846941518442 0.21327083345058034 -0.1813577759383714 0.9600129731967075 -0.7600760273134785 0.5688685655278588 0.3141225682080748 0 0 0 0 0 0
-5.912858192476218 1.959371448794094 15.639072543420866 0.028535464358780595 0.5258090490348402 0.8501238564038218 -0.09625724929363452 0.852378771795908 -0.5139892716294013 0 0 0 0 0 0
-5.4810261218583545 6.856218014332605 13.536675757230778 0.8783120981928721 -0.35910653256833547 -0.3156110841443651 0.2814251954720881 0.887530829173205 -0.36481349566678595 0 0 0 0 0 0
-3.972452295354261 8.415654673568078 11.613315708312193 -0.02863764974443912 0.6303514075324461 0.7757815337058358 0.30004691453610277 0.7253828223500133 -0.619509168710919 0 0 0 0 0 0
-3.0761588640396917 11.482706383856087 7.671719753249456 -0.8120741086773979 0.3617751511235605 -0.45788031410548174 0.5878655467977009 0.34282569502788485 -0.7327241238808013 0 0 0 0 0 0
1.2740135148608838 14.135279587640726 5.5285554626609485 -0.03596312150063254 -0.895857461404639 -0.44288380274917083 0.7217164086754364 0.32305477200800986 -0.6121772943612684 0 0 0 0 0 0
3.781749287938709 14.81195557888315 2.5986133096794872 0.0217560048571775 -0.9996618720797716 -0.014241410134563993 0.8078963387744883 0.07863167615203602 -0.584055275894584 0 0 0 0 0 0
8.319753807777344 11.731637275348584 -0.34638517852553413 0.7119350416283335 0.6267067918857027 0.31683922343357945 0.6941751434810177 -0.6646771123562344 -0.2762701693684756 0 0 0 0 0 0
11.026752535515927 8.676569883597168 -0.23040603794536232 0.6593450159361636 0.503425007994258 0.5584150886984712 0.5804737511106076 -0.8142699725531638 -0.0038257116789492227 0 0 0 0 0 0
14.15652574834908 5.698570222050751 -1.727964003385633 -0.8229733873605686 -0.5188278308587918 -0.23137088326458113 0.4085897265714288 -0.8572258568814509 0.3133979349551416 0 0 0 0 0 0
15.28269808031952 1.4546384421294782 -0.848070069078514 -0.8048960545906471 -0.2363732684828078 -0.5443069164094505 0.1092276662686945 -0.9621876584116995 0.24952800829106384 0 0 0 0 0 0
14.10692970945346 -2.3210622029279295 1.52738181682933 0.9564941890289281 -0.11575514590536258 0.2678051764815632 -0.051687171771738115 -0.9892679527257527 -0.136665116192965 0 0 0 0 0 0
14.192249885251343 -6.600078316985047 1.4070232945007306 0.8333489222036358 -0.06863623458540125 0.5484693621014545 0.02373354816753837 -0.9926327612261319 -0.11881464569641295 0 0 0 0 0 0
14.665329169546588 -10.532477208352375 -0.9362130336888288 -0.9496068312727723 0.26999433265858735 -0.15921660193688553 -0.2830208912425767 -0.9590673868612568 -0.009429876954558578 0 0 0 0 0 0
10.819426575141954 -13.696201823447039 -2.7763010606052334 0.48161189775299307 0.5553097619836925 -0.6779978231442747 -0.8701636466309376 0.03328169473710618 -0.4916376276053073 0 0 0 0 0 0
8.964626486537616 -13.496353526251857 -5.3420597672692 -0.24455467150521765 0.8743916846371795 0.4190849490047696 -0.7811078550103867 0.08584763107794087 -0.6184664122483764 0 0 0 0 0 0
4.494159083837632 -13.651912042889577 -6.369650010655301 0.2283892662031194 -0.5986727762547216 -0.7677429583230737 -0.6320260219852434 0.5001068101001234 -0.5919765924637458 0 0 0 0 0 0
1.6710930732273293 -12.35934106555559 -8.731652385429388 0.44385862324613123 -0.31846996542314737 -0.8375956086880042 -0.6583886126518402 0.5165533638633664 -0.5474459398075993 0 0 0 0 0 0
1.06480623342355 -8.83780691652178 -11.847997526277938 -0.7005113808557001 -0.46762650073997414 0.5390818686408654 -0.7091669739095638 0.34241630091425496 -0.616306157671778 0 0 0 0 0 0
-3.236605745930354 -9.800807938688152 -12.45613831568515 0.1037118659501982 0.7075995577692462 0.6989611682389054 -0.8890051586759075 0.371580704466111 -0.26757729334921765 0 0 0 0 0 0
-6.433019548167204 -7.691026717775332 -13.20676974462502 0.11590535393628909 0.37945121618362376 0.9179230487713402 -0.9336109408770632 0.3556845514934374 -0.043117408358540624 0 0 0 0 0 0
-12.138247058612414 -4.083153525079562 -9.662536695039774 0.5730271547897068 -0.59416478029001 0.5644538012419952 -0.6409656183610466 0.1440842602741123 0.7539249312897823 0 0 0 0 0 0
-14.25934724347165 -1.3971928698085827 -4.99565065206369 -0.7404777157421867 -0.6620580242275766 -0.11563704010874232 -0.3085222242380336 0.2054731492861648 0.9287598301356719 0 0 0 0 0 0
-14.901560559246022 -1.2271945422643755 -1.2573482682189512 -0.9216841225791232 -0.387752166117077 -0.01210932934006688 -0.11593191389236414 0.2526750644097659 0.9605806073239113 0 0 0 0 0 0
-14.33382636650495 -3.0963417528434665 7.1087834387566975 0.9169326744997873 0.320773908546493 -0.23735747308747882 0.24923477003626768 -0.0187505623420973 0.9682615585764128 0 0 0 0 0 0
-12.808931929161883 0.3662946686947143 10.343741788993782 -0.6700363264416477 -0.48726162582190397 0.5600244898662707 0.36315781696553306 0.40056876790059437 0.8412259281307419 0 0 0 0 0 0
-12.030258378814574 0.49376115748369587 13.100806585997177 -0.22055880378897047 0.9235035342356324 -0.31383918863882304 0.5363043172506634 0.36278100136084435 0.7620811140225974 0 0 0 0 0 0
-9.2578982701709 5.703851010785582 13.19258792695877 0.7005194546864365 -0.059405739539893865 0.7111564185996888 0.4459750070898804 0.85467869076047 -0.26576423501131635 0 0 0 0 0 0
-5.900750319057887 9.403285628338969 11.261336638376127 -0.0342287602049372 -0.6965057931837397 -0.7167343106314378 0.6470523529760231 0.5282015303669775 -0.5498421553738627 0 0 0 0 0 0
-2.017012659663303 10.569376223893187 10.59255613822585 -0.7758438052370266 0.5197722755504575 -0.35763552877815463 0.6044288300043074 0.40684463148204036 -0.6849403151325426 0 0 0 0 0 0
0.1984935947036405 12.42436577016063 7.50662557304537 -0.6909835927386561 0.6885683372188348 -0.22003481439460426 0.4831936209024168 0.21430187798238587 -0.8488808101332214 0 0 0 0 0 0
1.595774322551158 15.389183522653324 0.2964580611376899 0.9248314356684583 -0.21715995054036746 0.3122953273437237 0.4403656880620033 0.5023194036141381 -0.7441460055193572 0 0 0 0 0 0
