time	duplex	start1	end1	start2	end2	axisX	axisY	axisZ	hel_pos
0	0	5	10	3523	3528	0.6935277128620714	-0.44595353309972074	0.500249362043465	[-38.49552573177471,1.98475363536675,-46.83537112209847]
0	1	11	20	6980	6989	0.6187096157893985	-0.10720812481008807	0.7641276828691439	[-38.033705501087525,0.646134927848821,-43.723580489643055]
0	2	25	28	5241	5244	-0.3031692038036713	-0.4476575943784335	0.8189786231264101	[-32.84071032229187,0.7741640549708757,-38.81638559422342]
0	3	29	55	6948	6974	-0.07989613025577295	0.021350642355877216	0.9231416297530141	[-33.21557571509051,-0.0012151828184078575,-37.501786453505666]
0	4	61	66	6937	6942	-0.2869196054968244	-0.003973067130400204	0.9463798722290987	[-36.20543830276401,1.1672542249801316,-25.54155072635981]
0	5	70	80	6926	6936	-0.6651048455102664	-0.24535822332727367	0.6649480903559332	[-37.01646784374991,1.3526803198681399,-23.1288249108792]
0	6	86	101	6905	6920	-0.7587882056549382	-0.29134501411075053	0.5111153666961278	[-40.67499310706505,0.3565736700866655,-17.027451729423106]
0	7	102	106	4572	4576	-0.7742004795675674	-0.4042274360893482	0.40941011150551015	[-46.672020783504465,-0.7231300916805232,-15.83928933359272]
0	8	107	122	6884	6899	-0.8751361101313075	-0.24574687764616493	0.3376896597749529	[-48.302209661264754,-1.5366951332487393,-15.020639289162908]
0	9	126	130	6879	6883	-0.9435658801628481	-0.18126029317953707	-0.12432317990341071	[-54.185821279996226,-3.1878653605553016,-12.757800960880198]
0	10	131	136	153	158	-0.9330449869230122	-0.16718878232189333	-0.2525490892689542	[-56.177872388591666,-3.481576934133123,-13.039724383633114]
0	11	137	141	6868	6872	-0.9713985064996656	0.029838503423800004	-0.18326868210316488	[-58.97143517823953,-3.614303387476604,-11.287273032296154]
0	12	148	152	6857	6861	0.9609286744185341	-0.11117323197179886	0.22857174063086602	[-60.06297123586665,-3.615273622723455,-14.122817669910212]
0	13	159	168	6841	6850	0.60670415487306	0.2613719623969469	0.6778013067025098	[-56.35914604890171,-3.256445654705511,-10.634553858427065]
0	14	172	175	6837	6840	0.6213454670449637	0.01304366412370534	0.7649732528472808	[-53.94437853402749,-2.175316562124306,-7.713854090306521]
0	15	177	182	4542	4547	-0.3775445922886943	-0.1966636642810591	0.8992531057834139	[-53.30914800231727,-2.4659000622618317,-5.9470035578276805]
0	16	183	203	6809	6829	-0.037970595126045864	-0.0698958706037242	0.9492710623725407	[-51.94375334912006,-3.2402810360315972,-3.561133619710139]
0	17	204	208	4516	4520	-0.011435625961483883	-0.369132297525104	0.9155189811314539	[-54.81823173411244,-3.666373844532248,4.471594569055682]
0	18	218	228	6787	6797	-0.7798053756750244	-0.1360383997142514	0.5927205698484956	[-55.27252189546843,-4.443199275635543,8.571151641780634]
0	19	229	232	251	254	-0.9469032211805731	-0.26680926126986465	0.1682626559853122	[-58.927124310703554,-2.8204426274104977,11.985725087437855]
0	20	235	238	6777	6780	-0.806418686779825	-0.3333478723798033	0.4819545099350446	[-61.45553489566261,-3.873902648614814,13.201995915966357]
0	21	245	249	6766	6770	0.7834583347931827	0.09011915910396842	-0.5915470723607353	[-62.1907965971302,-5.259722157550264,12.421973454255552]
0	22	255	259	6756	6760	0.9729072248954935	0.18691766540742938	0.0172753089033051	[-58.587493789431846,-2.7302809994829027,11.835334334640002]
0	23	264	274	6744	6754	0.802297453718082	0.1645339919343397	0.4828801595600205	[-56.23062048813729,-1.8661059465484668,11.59363692818956]
0	24	280	298	6720	6738	0.8300367083589439	0.0757807163886795	0.40335779060851684	[-50.05915104322273,0.4294740196394722,13.568808887780904]
0	25	302	306	4464	4468	0.7415712064758888	0.1683066076757151	0.6295397226460869	[-42.85207868508097,1.0235530832032187,17.664783242189227]
0	26	307	316	6702	6711	0.645076279539579	0.12401722467854054	0.6807080627056061	[-42.64496094156059,2.1136111744149164,20.413355622401596]
0	27	321	324	6697	6700	0.3294442397628505	-0.3256775304585028	0.8813563376540051	[-39.50552595529426,2.251632688151585,24.535576564545117]
0	28	325	330	1088	1093	0.0029845726208982846	-0.4950000819389479	0.8541105098378313	[-39.029151468397004,1.7025885625496509,26.023696913736728]
0	29	332	351	6670	6689	0.056731662825956417	-0.11345194858538314	0.9320718804411597	[-37.21447233884254,-0.5628776430073439,28.368338439999505]
0	30	352	356	1062	1066	0.09818261546711923	-0.458244267380104	0.8675449357682445	[-38.6909268155073,-0.1775069081779681,36.33895137050686]
0	31	357	361	6660	6664	-0.08756119333218287	-0.6027500465956398	0.7762137414289898	[-38.538677291657145,-1.0305046982420885,38.10906291166815]
0	32	366	376	6648	6658	-0.7465665651788989	-0.06330696551400931	0.626435912952111	[-39.17122282078347,-2.1792938182955286,40.81320592773818]
0	33	393	397	6627	6631	0.8357911224255526	-0.316839133867498	-0.4201420842251381	[-45.52759052939602,-0.9594293279799648,45.58844321317237]
0	34	403	407	6617	6621	0.85609576133147	-0.2540593306153627	-0.4373799486267118	[-41.203775274982846,-2.1138822465959572,45.82026194210797]
0	35	412	422	6605	6615	0.9339692500397779	-0.23988392189296892	0.1733763091872709	[-38.99320243289233,-2.3393643238299004,44.94448886030046]
0	36	423	427	1037	1041	0.8452733769575664	0.04168247110737233	0.5001656398079418	[-33.81217200423184,-2.0931902192942458,44.1097794502558]
0	37	428	448	6579	6599	0.9326078155605455	-0.004627812214465717	0.13159058709834598	[-32.1125418168465,-2.0205573783275645,45.077790199268826]
0	38	449	454	1010	1015	0.9228746592957064	-0.16511691092707775	0.31664801319634955	[-24.28391950668473,-2.1480888661378654,46.2437114900485]
0	39	455	464	6563	6572	0.5506138577935711	0.3893686363024042	0.7020712268422693	[-22.783691962405193,-3.1854627185309434,49.15258990376324]
0	40	468	472	6558	6562	0.4346438711586383	0.2454364042577622	0.8458553006682896	[-20.71197416653696,-1.6157586229611696,51.90344924971479]
0	41	473	478	495	500	0.13158289759502675	-0.11726891996019757	0.96330077307027	[-19.966812647186742,-1.1874264866033077,53.69595420220642]
0	42	480	483	6547	6550	0.16279834491901748	-0.24570263101650125	0.9532035446755959	[-17.19999696286826,-1.528650056555421,56.17150873403608]
0	43	501	510	6520	6529	0.2245116400077262	0.1378583016579763	-0.9395677740750568	[-17.5627567414542,-0.44514794749441644,53.19984534247918]
0	44	519	524	986	991	0.8324908307341451	-0.08057997723860874	-0.5069586944036409	[-15.376886257527483,0.1409225356347814,47.89159118381249]
0	45	525	545	6488	6508	0.9292006651886068	0.09751903249173131	-0.22586153987586868	[-14.365242985100672,0.1317515551134511,44.67149964664158]
0	46	546	550	960	964	0.8961766142814431	0.19739661098209954	-0.21452254662771109	[-5.596223871457102,0.8400058008654472,45.00337747392906]
0	47	551	556	6477	6482	0.9644984630371578	0.18867882117786783	-0.0229630562037623	[-3.7898259226930717,1.4368796543053541,44.731239236873165]
0	48	560	570	6466	6476	0.9589745237477125	-0.035784332934072224	-0.01012676332407711	[-1.4555974003200876,1.9436096101587106,44.722623310735074]
0	49	571	575	4293	4297	0.751697037744082	0.1959178754538969	0.6244936070145702	[4.156562617321152,2.472015978686942,42.913185620664564]
0	50	576	596	6440	6460	0.8816550157421504	-0.06494063261364186	0.40530763869340863	[5.746176241357146,2.827211282273884,44.05500349426608]
0	51	597	602	4266	4271	0.8517207653866237	-0.37224783264641903	0.31706250396358665	[13.303520602512146,2.2059380290065542,47.55308391905176]
0	52	603	612	6424	6433	0.6236177042765498	-0.10797484153293221	0.7476363635252565	[14.187507196943088,0.46197286595496906,50.45554422247054]
0	53	616	620	6419	6423	0.16132315714127424	0.2506875781500103	0.9482959839751222	[17.03201721558638,0.590458435786406,53.70136364180779]
0	54	622	626	643	647	0.12272516129439164	0.056293212728219556	0.9889429358279296	[17.11750533746205,1.28165638725052,56.05805252048165]
0	55	627	631	6408	6412	0.26022287259077315	0.14951205195670475	0.9408296258027731	[19.464202315444957,2.5860990831314696,57.88510139596967]
0	56	638	642	6397	6401	-0.11019300124784727	-0.41846759083501794	-0.89697841484762	[17.327044638549488,2.3194122699879007,59.5207693896686]
0	57	649	657	6382	6390	0.5209939456378139	-0.29775132928477144	-0.727922359288458	[19.31118935408866,2.2028587112943914,55.23154347580826]
0	58	663	666	6376	6379	0.7741251030244913	0.16362865812482	-0.6034164877802971	[21.403747176911978,1.1191790185005406,50.754440321950156]
0	59	667	672	4242	4247	0.8114168741422738	0.14922628877232025	-0.5477707988682752	[22.67586427401666,1.4265097847334025,49.80316006009727]
0	60	673	693	6349	6369	0.8384205118230904	0.333320793343736	-0.37041144746839094	[23.780372974183084,0.4348089767498085,46.70856542982897]
0	61	694	698	4216	4220	0.7766554451030727	0.10023692822036757	-0.5998174668270124	[32.06360799963113,4.006551929034897,45.50965321755975]
0	62	699	703	6339	6343	0.8905212302863063	-0.1433736513638505	-0.4014679079475887	[33.810173147186845,4.253724967833385,44.31349242195684]
0	63	709	718	6327	6336	0.11628677790351159	-0.9711779046995487	-0.08525940239802175	[36.22251813547729,2.8078321283916536,43.258576617819436]
0	64	719	722	741	744	0.16272416241925602	-0.8352895656677145	0.40441209611773404	[37.25721794229469,-1.774298890699924,41.09981774230708]
0	65	725	728	6317	6320	0.26467047164338026	-0.9177978778824727	0.26664529710507273	[37.698073417760796,-3.905066092082332,41.702768906064215]
0	66	735	739	6306	6310	-0.6108133121479784	0.6158698345068003	-0.4728477132261264	[38.75235028568172,-3.9779767014056815,44.324996212544306]
0	67	745	750	6295	6300	-0.5396688454757808	0.33306313103344704	-0.7435662362589541	[37.14963279807435,-1.6628713692382282,40.788782226893346]
0	68	754	764	6284	6294	-0.22410184122157578	0.6643054007229428	-0.6725395123780078	[35.83925590560439,-0.6617198434661535,39.063568562777405]
0	69	769	775	6273	6279	0.09380070104292067	0.3716025146252446	-0.9042929390456206	[33.55505357720206,3.617543377839342,34.43957538330721]
0	70	776	779	4181	4184	-0.14323116684515969	-0.05467465175095002	-0.9674870228926372	[34.04425457613228,2.1851880960492713,31.834556651766]
0	71	780	796	6252	6268	0.1556158557770949	-0.25939187930942653	-0.9318234515366312	[33.91634365706459,2.1357421519764612,30.30215462350636]
0	72	802	810	6235	6243	-0.5931043457613941	-0.3526442883402028	-0.6760214981479901	[33.34581805284281,2.39061445282394,20.987914653271915]
0	73	812	817	1388	1393	-0.9808212131744275	-0.03347682141844481	-0.1712425847642269	[30.8384714009498,0.9019646120730613,18.191371787078566]
0	74	818	832	6213	6227	-0.8871881155790343	-0.17915581145729909	-0.32706097695014386	[29.153710345330683,1.4608292652619972,15.430952027656975]
0	75	833	838	1367	1372	-0.8659523889754365	-0.16695743498848373	-0.4356298543941458	[23.779199643559693,0.2840400160009175,13.402339800085082]
0	76	839	842	6203	6206	-0.8610368560407587	-0.42780333850146673	-0.20981085878678926	[20.94456224044329,-0.2488459029790504,14.875620390443729]
0	77	847	854	6191	6198	-0.7809253426938341	0.596163964313218	0.10031549725324126	[17.95534483059619,-0.5504591579712383,13.997075675742881]
0	78	855	865	6177	6187	-0.90304666572336	-0.3886037157451892	0.08986575252514421	[15.151456415016067,1.1963548226671548,14.1613285550937]
0	79	866	871	4785	4790	-0.8667150656410119	-0.08602180683022194	0.4748961595544989	[11.060248367989416,-0.530936317410443,14.64397967968075]
0	80	872	886	6156	6170	-0.8231490073945239	0.06082840897364951	0.4982124102746507	[7.93230228650197,0.2831249045769969,13.800945063843006]
0	81	887	892	4764	4769	-0.8386391243960061	-0.18483914076466673	0.4780324038280508	[2.949956117018182,0.7956581221230268,16.94338666292827]
0	82	893	897	6145	6149	-0.742386261293121	0.05536302313887449	0.6021986144850984	[1.8561618444687382,-0.3103547030148011,20.064702268408453]
0	83	898	903	6136	6141	-0.3693103353996885	0.42296443148522095	0.8205755099195129	[0.5203241216408294,-0.13806164951094724,21.314700606816892]
0	84	904	907	4350	4353	0.10302695305247789	0.43059096825230964	0.8870259980642473	[-2.544564201698366,0.6986247078829455,23.660859135583664]
0	85	908	924	6115	6131	0.11179005754482513	0.35957086984738046	0.8854361431355033	[-2.42846342873405,1.4616540150808441,25.029380296986623]
0	86	925	928	4329	4332	0.10452074387212006	-0.1084085711783469	0.9806289405954657	[0.7223329996231082,3.1375159111023394,30.897636253416266]
0	87	929	935	6104	6110	-0.012953024406472932	0.05253676367153564	0.9815135996658073	[0.9138572768761339,2.9959699225624883,32.48629903854421]
0	88	940	945	6094	6099	-0.04591484746533299	0.16109707322095565	0.9609839588972127	[-1.2814529411628217,2.988914052540775,37.171310145071615]
0	89	950	959	6083	6092	-0.8069148360579651	-0.3967560310662415	0.3723485866748903	[-1.6157229078221311,3.314146598557393,40.90702003830711]
0	90	965	985	6057	6077	-0.9259763400318416	-0.1068957185717337	0.19240193036410116	[-5.894481686059922,0.8245073941246372,45.21385417361318]
0	91	992	1001	6041	6050	-0.6765179117240798	-0.6544540679376055	0.22982832477524667	[-16.68986501796443,0.07568117462637139,46.167259395594186]
0	92	1005	1009	6036	6040	-0.9148257827477205	0.05883909926757651	-0.3823488625693271	[-20.57365482246805,-2.6102654964451277,47.58594630279999]
0	93	1016	1035	6010	6029	-0.9515901509907992	-0.04269275001235471	-0.16924778660343098	[-25.249191022859417,-3.664066045498118,47.701707124584416]
0	94	1042	1047	5998	6003	-0.6226338888358361	-0.0720490099563609	-0.7553978804078257	[-34.14644829640572,-2.074832547522587,43.79296351155925]
0	95	1051	1061	5987	5997	-0.243837274688204	0.0666086155589771	-0.9492509145744628	[-35.63448462053634,-2.273907605053564,41.897034503495455]
0	96	1067	1086	5962	5981	-0.021905422665469857	0.1015224289372879	-0.9618470521894616	[-38.72770037926884,-0.05870128437371219,35.92218844623439]
0	97	1094	1103	5945	5954	0.04374426061242143	-0.013661296870115204	-0.9780469809796128	[-36.96827706305342,0.7593926433627131,25.28974929942699]
0	98	1108	1111	4446	4449	0.827835985156975	-0.007084103030116979	-0.5416105338740631	[-36.86867752313562,1.5391079667351972,18.25674195983121]
0	99	1112	1128	5923	5939	0.779347029427107	-0.20827914589441263	-0.5583049968793379	[-35.33623915873912,1.4891249762215302,17.329843147973392]
0	100	1129	1132	4425	4428	0.8094430518901409	-0.2872172084995743	-0.4947833102995933	[-28.87065162248018,-0.3237890032651424,15.881345918430355]
0	101	1133	1139	5912	5918	0.8520263509658333	-0.16306305258670262	-0.4302662245029727	[-27.547472745042356,-0.8153955399076305,15.128296872122789]
0	102	1144	1152	5899	5907	0.8604116340201166	0.21263978455467122	-0.4347582365577975	[-24.465883092249854,-1.0388432126885587,11.457986023834554]
0	103	1155	1160	5888	5893	0.2883169023291866	0.022805065833406937	-0.9357087743482172	[-20.81068595213582,-0.757881104252936,8.449752193854554]
0	104	1161	1164	4696	4699	0.07903842838049803	0.3048195803250797	-0.9420016149376615	[-17.747753500011456,-1.2200611364728395,6.412911390512882]
0	105	1165	1171	5877	5883	-0.03420653046968538	-0.2008955451709388	-0.9399186923425588	[-17.587984268030816,-0.7459354087564847,4.795186071816889]
0	106	1172	1175	4685	4688	-0.04579430138656734	0.005733749715009719	-0.9842050645437946	[-19.830340238054816,-0.9542747044113262,1.767829525211014]
0	107	1176	1192	5856	5872	0.2616196173017098	0.2483156648357121	-0.8933728711484851	[-19.871163925808375,-0.9822927330285973,0.10396589334764555]
0	108	1193	1196	4664	4667	0.10771626906437815	0.16211312714284928	-0.9701536587597134	[-15.671895310129763,0.1942940409464168,-5.894346457597414]
0	109	1197	1202	5846	5851	0.218414756249056	-0.02912147747115069	-0.9704441328293638	[-15.349380172535973,0.4518189899491077,-7.419047953386892]
0	110	1206	1210	5841	5845	0.6868844678681117	0.02023610795981941	-0.656938355791171	[-14.726905623013181,0.3602198955504859,-9.79404800065576]
0	111	1211	1216	5133	5138	0.8725356224557066	-0.13669429422939075	-0.4330432615245009	[-13.265457078699786,0.4297434967524367,-10.992522993464998]
0	112	1217	1231	5820	5834	0.8396997698893155	0.022355805223279436	-0.4734702498961658	[-12.41835869786554,-0.1601455311181176,-14.344759427429185]
0	113	1232	1237	5112	5117	0.753227657144939	0.21914495694068728	-0.598965390544637	[-7.383814153742274,-0.03605956698003168,-17.25229854194626]
0	114	1238	1248	5803	5813	0.8688669341961962	-0.17194638197027667	-0.31154170060901853	[-4.272044049801703,1.1758789450763083,-16.70656075477619]
0	115	1252	1267	5787	5802	0.8777422904368702	-0.1823545013178579	0.20113473617681701	[-0.15528115869834103,0.2991277314178152,-18.15847101419591]
0	116	1268	1273	1625	1630	0.7947445137563207	0.1458534487799757	0.5685351054191152	[5.57653617400242,-0.7745598552426787,-16.629125181036493]
0	117	1274	1288	5766	5780	0.7670030441332809	0.01750990397208688	0.58603427771682	[8.637864158879417,0.5069882371351228,-17.34249291584285]
0	118	1295	1304	5750	5759	0.8941797244555857	0.03311317108519847	0.4029949004829916	[14.691170146810634,1.1846698070552284,-10.901919897144992]
0	119	1313	1323	5734	5744	-0.23082648206906065	0.07497454965276337	0.9382918047813199	[20.696053311698794,1.1670543818152153,-6.2458188808938235]
0	120	1324	1329	4828	4833	-0.24922235466708687	-0.018089199071374344	0.9607722801599079	[19.698296055307182,1.5419290086639386,-2.034616461432295]
0	121	1332	1339	5718	5725	-0.08219125981853917	-0.16152563530552344	0.9673575287993809	[16.59401702166565,1.4422202635566266,0.5799026346285517]
0	122	1340	1343	4814	4817	-0.17767760113036946	-0.18504820050382673	0.9603149758150585	[18.265205203501818,-0.5628582522525014,3.6620613637050417]
0	123	1344	1355	5702	5713	0.06331480127053882	-0.024356932320233445	0.9800264896807083	[17.968112262016575,-0.9217416680505695,5.277238136478841]
0	124	1356	1366	5688	5698	0.7296256220962877	0.2331956836578893	0.5736970059854319	[18.640172655142607,-1.0362537239378122,10.060984463375059]
0	125	1373	1378	5676	5681	0.8423123612146093	-0.018958155139659004	0.4517361535006768	[23.475967108900086,0.563622035209812,15.664815293952246]
0	126	1380	1387	5667	5674	0.9067351493477644	0.011759602271806622	0.2724860326254218	[25.940634588116012,0.3359637149606475,16.930465278570026]
0	127	1394	1398	5656	5660	0.9783733757164694	-0.06431705105152302	0.11391405086594983	[31.948478719080626,1.1978555420084276,16.478393850869075]
0	128	1399	1408	5643	5652	0.9118546324441156	-0.25163360245033545	-0.06795248532641159	[34.02631403899578,1.1929932862831287,16.603294819585784]
0	129	1409	1414	4143	4148	0.9139203910484334	-0.23510900836772666	-0.27206295732379143	[37.71485030387617,0.10561668478409984,16.168743899505536]
0	130	1415	1435	5616	5636	0.8613403317722771	-0.13123509046257212	-0.3645987930162445	[40.71432037311552,0.5119167175584658,17.54061108297969]
0	131	1436	1439	4118	4121	0.9084320954438669	0.1630622451522217	-0.2799044303929505	[47.160415380098996,-2.0258568979883647,12.618322191163152]
0	132	1441	1451	5600	5610	0.5511844304933037	0.26743998939009095	-0.7486324949733618	[48.98339782593513,-1.92320297004955,11.976844276609418]
0	133	1452	1457	5591	5596	0.23723424976576388	0.2000510250755462	-0.9327321019333537	[51.29832570728119,-0.7039253825913705,8.557930258356803]
0	134	1458	1462	4052	4056	-0.2801716498168424	-0.2520650038947351	-0.9164885253128152	[53.94980353197679,-1.5378611458568439,6.142968465743342]
0	135	1463	1483	5565	5585	0.046598473084914986	0.119729539033166	-0.9483368982037119	[53.581504773777255,-1.9419446051615816,4.2421340587073155]
0	136	1484	1489	4025	4030	0.13532834642524438	0.12150335219220373	-0.9687220946653495	[54.110061703187995,-1.001708366268161,-3.78535460095148]
0	137	1490	1494	5554	5558	-0.25366368978408704	-0.0590052679500527	-0.9444218840868568	[52.58711962427253,0.8005787336846797,-6.425300705704174]
0	138	1495	1504	5541	5550	-0.36380870077511634	-0.11159291783273306	-0.8763054944756894	[52.06135588575299,0.7145611710375084,-8.304931879000126]
0	139	1505	1510	3961	3966	-0.6268837510157486	0.15573327313083096	-0.7247088821303012	[50.435035906997584,0.20250093306134637,-11.917091549614284]
0	140	1511	1531	5514	5534	-0.8084779316791156	-0.02852578322937247	-0.5296936536054362	[49.620016316700344,-0.4573493130218262,-15.014739725710607]
0	141	1537	1541	5504	5508	-0.8014486433512715	0.31424732223568275	-0.4854042182352798	[39.96551502217118,-0.377275072024723,-19.011100811657315]
0	142	1549	1553	5489	5493	-0.719447033196768	-0.08541205609336902	0.6257722864194066	[34.61970450058182,0.1263002364996142,-19.548271453219304]
0	143	1554	1557	4891	4894	-0.722412955435578	-0.1902090902836413	0.6398393260133338	[31.795478962001937,-1.1563452744907097,-20.048576200749288]
0	144	1559	1565	5477	5483	-0.694276192401742	-0.027767367939967938	0.7082913353917215	[30.25434120437197,-1.1149015966101083,-18.71715522747417]
0	145	1569	1579	5463	5473	-0.843917136966712	0.11552977278321727	0.4921201388691313	[28.339503669011783,0.6503342443915539,-14.741603285143473]
0	146	1580	1585	4863	4868	-0.8838892627977263	0.3102107181498826	0.33931285087177987	[24.426199691700205,1.178877977173591,-12.502534542738541]
0	147	1586	1595	5447	5456	-0.944133571739199	-0.033833685591665115	0.14161417618395386	[21.12556235443496,0.7738203583459313,-13.615456907887507]
0	148	1599	1603	5442	5446	-0.986244234293564	0.034219598945947546	-0.06543520206741525	[17.14817813957805,0.7159006425244452,-13.011818685356747]
0	149	1610	1624	5421	5435	-0.7576745820075349	-0.15177534185295308	-0.5984433970706936	[11.968995136606456,0.5357913459960073,-11.644342732654405]
0	150	1631	1641	5404	5414	-0.8131405464404514	0.05553530836098368	-0.5659781062477165	[6.298074130574979,0.27282627116078,-18.812000071958433]
0	151	1645	1649	5399	5403	-0.2568743049258774	0.13219055351891765	-0.9330484685850533	[2.4292840608923245,0.9161923205732002,-21.38383577700134]
0	152	1650	1654	5088	5092	0.0021362333621751245	0.12241072839894215	-0.9824059208854972	[1.9671675704844374,1.2053515498530638,-23.370017688406733]
0	153	1656	1665	5383	5392	-0.031830889092593476	-0.05050296605983035	-0.9863898689151925	[-0.021830333053642903,2.2427663344879614,-25.883384797526748]
0	154	1666	1670	5072	5076	-0.2129214542582038	0.009691360357349056	-0.9602404890954779	[2.3799436028047936,1.8951614842185998,-29.72332767492669]
0	155	1673	1681	5367	5375	0.2217070077563194	0.06643899706493787	-0.9612650062753142	[2.0866590752582264,0.3899012976924505,-32.07267127904299]
0	156	1682	1687	5055	5060	0.18204729337141437	-0.046843153129113864	-0.9658107128327365	[2.9344945170186207,0.5706595926206601,-35.69656528096199]
0	157	1688	1692	5356	5360	-0.01131595782087537	-0.09072906282122511	-0.9786629461413853	[1.3596943360342475,-0.9222647407615813,-37.91716246557807]
0	158	1694	1701	5344	5351	-0.6417787680210011	-0.007358100834713392	-0.7154084167830571	[0.8205257607389828,-1.268522886804568,-40.191978757846776]
0	159	1703	1708	3683	3688	-0.9038945963345377	-0.16549939119970283	-0.3509529269961613	[-1.5769671080827041,-1.339778870646271,-42.76151731696484]
0	160	1709	1717	5328	5336	-0.7651952149540125	0.36310606282258207	-0.5040030041959576	[-2.885255171298028,-1.3607760785427097,-46.03612258754583]
0	161	1719	1729	5316	5326	-0.8688425791388793	-0.05484402569260345	-0.44296971942132046	[-6.038268997651131,-0.1025837169123326,-48.178474406605574]
0	162	1730	1734	3657	3661	-0.9498410429677889	0.0431656111072522	-0.1962431920176076	[-10.72918674106857,-1.2878994597376698,-47.87659555859721]
0	163	1735	1745	5300	5310	-0.843239950322136	0.43775682458410914	-0.025802332563495088	[-12.753120270469733,-1.2433715546980766,-48.18470803770021]
0	164	1746	1751	5291	5296	-0.8335107606474812	0.4065236424401501	0.35777619963235474	[-16.99403453138342,0.8683911743882591,-48.339234624363456]
0	165	1752	1756	3592	3596	-0.9128209444230225	-0.16300994347456468	0.33536542924325646	[-20.01361687971933,2.6919978290423545,-49.33115456485169]
0	166	1757	1772	5270	5285	-0.8922542574654883	-0.04368899898154389	0.3672060340254619	[-21.92015990589535,2.439043462177855,-48.664932554912916]
0	167	1773	1776	3572	3575	-0.9757916929355139	-0.02431378847222963	0.1556188837377943	[-26.53070105361313,1.4323302081813551,-44.15986268121577]
0	168	1778	1788	5254	5264	-0.7973851578811837	-0.04065809187473546	0.5652326593935818	[-28.571423028584952,1.2294314733662348,-43.676191916089174]
0	169	1789	1794	5245	5250	-0.3877127025682644	-0.020430879343182533	0.9045075854487796	[-31.96841754458137,0.9576770052747634,-41.07708117453437]
0	170	1795	1798	6975	6978	-0.1402930712922337	-0.10610712545350336	0.9686486189043108	[-35.41718369966159,1.091770915658409,-39.47068038558301]
0	171	1799	1825	5214	5240	0.01782032131520952	0.0023257622670834477	0.9387463867502702	[-35.74877855729774,0.8709370021335696,-37.86924857390342]
0	172	1827	1830	6943	6946	0.12860800417950102	0.11245972787732698	0.9669423162640675	[-34.23925694686439,0.21303352108929496,-26.642448464160793]
0	173	1831	1841	5198	5208	0.35893262808876136	-0.059347906669648766	0.9105501953022177	[-34.19770033049418,0.16328138962195282,-25.086395299340225]
0	174	1842	1852	5184	5194	0.7837719503070019	0.09610366151522161	0.5878532535116652	[-32.41828828835668,-0.01827602487511832,-21.178307580573183]
0	175	1859	1873	5163	5177	0.780352026021952	0.017068978982641207	0.5538002304451541	[-28.346526727630998,0.7097945565566158,-15.24909290073236]
0	176	1874	1879	2396	2401	0.9176937489302004	0.0495700587920198	0.37177156630260827	[-23.430388183308732,0.8199463417731627,-11.841081681491161]
0	177	1880	1884	5152	5156	0.949653171847462	-0.07864824933814375	0.26129678052986216	[-20.13522380174086,0.7094103447727371,-13.056929394114022]
0	178	1885	1894	5139	5148	0.9562181780363053	-0.028967666074535086	-0.08563743702698015	[-18.168693358382626,0.6486013020750723,-12.677374632586588]
0	179	1895	1900	5835	5840	0.8445368631390785	-0.2312902485977281	-0.46951009683270906	[-14.400353402583367,0.460553148256001,-13.228465587871732]
0	180	1901	1915	5118	5132	0.8410034368964553	0.03445034408266011	-0.5040261858972549	[-11.100831071003668,0.10318857124459914,-12.079287027189597]
0	181	1916	1921	5814	5819	0.7284958559859576	0.3435917018764416	-0.5637907991365361	[-5.964680589386237,0.38658834520750107,-15.324491772268686]
0	182	1922	1936	5097	5111	0.6940331919562286	0.30809229003960176	-0.6069840095958648	[-5.528574055264345,0.44348886632329987,-18.703104730252583]
0	183	1938	1943	5393	5398	0.08604046694323025	0.116422160064416	-0.9778968905270501	[-0.2407632597453683,2.0129021778264287,-23.403877264267035]
0	184	1944	1953	5077	5086	0.04691972509448017	0.05261530956417816	-0.9765493890234881	[2.209204335286798,1.5715926788528596,-25.81810049267115]
0	185	1954	1959	5377	5382	0.024691033670948798	-0.29780395085974753	-0.9379785577959844	[-0.16441535534956836,1.9188782243408071,-29.81330983950737]
0	186	1960	1969	5061	5070	0.2317919133024966	-0.5165769091675815	-0.8075040250717928	[-0.3106224238209627,2.0163617786408983,-32.49643084849288]
0	187	1970	1975	5361	5366	0.264759591950346	-0.3442103617922464	-0.8935995911156018	[0.7076257684987622,-0.16490582047421048,-35.809668540943136]
0	188	1976	1985	5045	5054	0.26807217553929713	-0.044564885659800685	-0.9219344668115732	[3.2661111987237663,0.5543566152862063,-38.09075178158648]
0	189	1989	1993	5040	5044	0.704179642264849	0.12334531518388757	-0.6924846530156274	[4.479044477697094,0.3774315533334863,-41.92110222891614]
0	190	1994	1999	3351	3356	0.8524085836683752	0.12869272446899405	-0.4826363015972592	[5.9096044228776075,0.6248313836578206,-43.24406165668354]
0	191	2000	2020	5013	5033	0.788740721929452	0.010360833588752144	-0.5137561539761573	[6.579917161830734,-0.8788744009601246,-45.94532195374498]
0	192	2021	2025	3325	3329	0.7076955017783829	-0.20451418971952018	-0.6662591915170879	[14.524427058358041,0.9497196473947134,-49.38070163532354]
0	193	2026	2031	5002	5007	0.8959392614576723	-0.2013405396241577	-0.365455283252751	[16.106871553473958,0.5531037065270711,-50.69854069745938]
0	194	2040	2045	4991	4996	0.9200726239996276	-0.2586589022413943	0.24973463167066767	[20.303020240475014,0.1542613162375847,-51.272958022897754]
0	195	2046	2049	3255	3258	0.7081753628553701	0.07964323316798377	0.6927947404121418	[23.772476027114095,-0.22794451270220456,-52.61240219704709]
0	196	2051	2071	4965	4985	0.8269607451198835	0.04565300570200256	0.5025541919146833	[25.396874100802425,-0.15083838723955373,-51.36545393920427]
0	197	2072	2077	3227	3232	0.7916432278121588	-0.16818956249761696	0.5738472474376461	[32.462096756759394,0.18302392032141812,-47.008193507283494]
0	198	2078	2087	4949	4958	0.41007451209531803	0.1032142316139986	0.8907000978905837	[32.72587530207877,-0.5817140708342267,-43.581771402766606]
0	199	2091	2095	4944	4948	0.3593195696778503	0.32247548241387936	0.8639745618381093	[34.36306100770514,-0.08421018788232978,-39.920896483899234]
0	200	2096	2101	3157	3162	0.054755203800246344	0.1594923051476274	0.9819935257545579	[34.98474413410298,0.57423395678424,-38.11568456529881]
0	201	2102	2122	4917	4937	0.07349394568577006	-0.061750642542596865	0.9586297153367178	[37.65207540380129,1.0033217747902028,-35.856979377927196]
0	202	2124	2127	3131	3134	-0.2356965764994121	-0.4089708362274605	0.8681928679021894	[35.89355249735924,0.7465225004690872,-27.259057224014]
0	203	2128	2132	4907	4911	-0.24137293335255722	-0.39130058462939726	0.8809437350507462	[35.54877817267255,0.14691145169452924,-25.73099630638189]
0	204	2137	2147	4895	4905	-0.605830726005765	-0.1794894766811883	0.7554785275532131	[34.697149982145426,-0.47892190908184695,-23.45478135291519]
0	205	2148	2152	5484	5488	-0.9014755029497455	0.15089663894225036	0.3678964965283642	[33.02947212970554,-0.08287028972265253,-18.225044714713512]
0	206	2153	2158	4884	4889	-0.8279395390972549	0.31000781444522885	0.44039847259351184	[31.220135208250042,0.21756028970283922,-17.401706527176326]
0	207	2163	2173	4869	4879	-0.8357064392417775	0.1695944942886299	0.4215671179878863	[27.049191952700017,-0.9947305590103177,-16.200603453432592]
0	208	2174	2179	5457	5462	-0.878821328422962	0.3187282771130925	0.3475159536692302	[23.288756906373195,-0.11004366397591223,-14.358025383707066]
0	209	2185	2190	4849	4854	0.003733168106334145	-0.25935022317014067	0.9353611403438886	[20.81844670028595,2.4897780251638553,-9.960867788401027]
0	210	2195	2205	4834	4844	-0.2625828631452795	-0.05403467125140873	0.9229320257647557	[18.472098530527365,1.4958138304343178,-6.506024829393416]
0	211	2206	2211	5728	5733	-0.27225670451945966	-0.032762631339785485	0.9589467061841065	[17.36807223050289,1.344876356796628,-2.303260840730706]
0	212	2212	2219	4820	4827	-0.1276224711712351	-0.5289398805915512	0.8245272525175601	[19.14034613228574,1.2767571385596452,0.20360383614605837]
0	213	2222	2225	5714	5717	-0.13082986801545418	-0.16739268673625973	0.9614918362487436	[16.417746363713057,0.9595150362380858,3.7262572904627693]
0	214	2226	2231	4808	4813	-0.32811420738320696	-0.47501443926247644	0.7970433232565103	[16.089939993459108,0.8054520352355163,5.273131606492081]
0	215	2236	2251	4791	4806	-0.7763735318665094	0.050693503358002844	0.6042515354306796	[15.046979051933317,-0.17074994318661435,8.628237527872965]
0	216	2252	2257	6171	6176	-0.835347355323275	0.07761051097802948	0.5244497910312915	[9.961271540929394,0.10934859909175648,12.51495860110552]
0	217	2258	2272	4770	4784	-0.8097673348648763	0.11714045251863692	0.5334367046408747	[8.948779343354888,-0.7997016981981925,15.78562760026065]
0	218	2273	2278	6150	6155	-0.8664154416880174	-0.012226315070932085	0.48240132095574734	[3.9596388832927243,-0.1770330155401752,18.87928470776255]
0	219	2279	2287	4755	4763	-0.9613053088706829	-0.1133329440891163	0.07730986489713619	[0.7211676782107189,0.5189417728159278,18.124455802276668]
0	220	2291	2296	4749	4754	-0.9328327637352647	0.02128469279244325	-0.23796583269504573	[-2.8649293108714913,0.21509461488909995,18.54946711176528]
0	221	2297	2302	2666	2671	-0.9017204051668373	-0.08111635717582358	-0.3759611963285701	[-5.121367987319344,0.36753462709980994,18.013448963519913]
0	222	2303	2316	4729	4742	-0.9168233101676738	-0.09715456384770671	-0.3444344385010191	[-8.022925339677531,-0.8182107829220262,19.326704035012938]
0	223	2318	2323	2645	2650	-0.915499560522818	0.19781547152094808	-0.3066458131112703	[-13.48355978647757,-1.62764676744622,16.794679348909867]
0	224	2325	2334	4711	4720	-0.5915976691479575	-0.1198500789516009	-0.7654331622629003	[-15.028808686893964,-1.2254753291149911,13.860412389454979]
0	225	2338	2348	4700	4710	-0.08654213366224447	0.07164366368763056	-0.9797336172027048	[-17.37656052105025,-1.741958841939383,10.638346320602677]
0	226	2353	2356	4692	4695	0.05603696781224227	0.07737405413657043	-0.9940402206515144	[-20.183919974122293,-0.9508782408530567,4.517669100023584]
0	227	2360	2363	5873	5876	0.13987099280138912	-0.026011665508596692	-0.9802114436670316	[-17.634930375967492,-1.3191275224202421,1.9789500293726854]
0	228	2364	2380	4668	4684	0.232506616118259	0.21180534414349472	-0.9183795678131231	[-17.30790316334224,-1.3571474235154697,0.43639103825711495]
0	229	2381	2384	5852	5855	0.2646818580495674	0.13411346737187133	-0.9472014844362194	[-18.01893818248415,0.716415752704974,-6.304023700811222]
0	230	2387	2395	4650	4658	-0.7635111427958875	0.2183930346276046	-0.5539605682227419	[-18.703552260229063,0.2740837766492421,-9.140709032903338]
0	231	2402	2416	4629	4643	-0.7956875427043688	-0.07745665868246708	-0.5574098090758686	[-22.65597590411952,0.35341131010661087,-14.251586090043137]
0	232	2423	2438	4607	4622	-0.9069305119057247	-0.12361928473627151	-0.31622722813718696	[-30.59681781163758,-0.054463140533654184,-16.687338067780487]
0	233	2439	2444	4598	4603	-0.7732356327210596	0.5295265097721163	0.21691842069982684	[-36.81012721029563,-0.668651649202296,-18.773299186068847]
0	234	2445	2449	6921	6925	-0.796887786147713	-0.2584242320112873	0.5325148592246411	[-39.919817977224845,0.31282038798755163,-20.215130518513924]
0	235	2450	2465	4577	4592	-0.7961603029074348	-0.0939762403360065	0.4974375123631798	[-41.54130643993783,-0.04147618879645126,-19.074792518285783]
0	236	2466	2469	6901	6904	-0.7855218257739492	-0.3663930528822967	0.4692641455033239	[-45.597261641562056,-1.3821236681601388,-13.80027468058368]
0	237	2471	2481	4561	4571	-0.6279978469794134	-0.14423641861205713	0.7414280822523401	[-47.27524971654304,-2.0345889937217576,-12.968257831780782]
0	238	2482	2490	4549	4557	-0.41165618035492185	0.0032933631040551192	0.8857389757922998	[-50.07631297060557,-2.576653197838305,-9.64675411236382]
0	239	2492	2497	6830	6835	-0.19233320290279993	-0.06542145320138848	0.9729910078769299	[-51.64803261482261,-2.8096451982228507,-5.945443386689831]
0	240	2498	2518	4521	4541	-0.08432802516682472	-0.08915491227447037	0.9556363357077912	[-54.143638602788954,-2.955846322345886,-3.7142152581378505]
0	241	2519	2523	6804	6808	-0.09803805039313923	0.1017951560687321	0.9833320205854774	[-52.319276775037494,-3.7715812683792116,4.481292376024802]
0	242	2524	2534	4505	4515	-0.0004387903585575337	0.43297044877757374	0.8851582582321219	[-52.59011053697196,-3.5170159310706257,6.469245583370428]
0	243	2535	2540	4496	4501	0.2889236182533955	0.6091818333978194	0.7138591637643437	[-52.46122890564331,-1.6605447754989053,10.560854017770447]
0	244	2541	2545	6739	6743	0.6649861086989248	0.42696652221260867	0.5936574372107862	[-52.627789991334105,-0.986409535955427,13.806857686254293]
0	245	2546	2566	4470	4490	0.8155583529854755	0.19504070344849186	0.4502209796938478	[-51.291026202746835,-0.08798440606475737,15.081379305246193]
0	246	2567	2572	6712	6717	0.6702369309342627	0.1500608559479868	0.68650874537839	[-44.2164694665199,1.6904809064476123,18.77687199248397]
0	247	2573	2577	4459	4463	0.901702818537288	0.20479740474244212	0.34662991822762745	[-41.236635414002436,1.0644625770687632,19.120792500484676]
0	248	2578	2583	4450	4455	0.8429025444977233	0.04969083866010801	-0.527211687272185	[-38.93320865395053,1.376499244948381,19.65234760781746]
0	249	2584	2587	5940	5943	0.7868598307080071	0.17675344313709904	-0.5732086724275	[-35.581099918103476,1.2582550680635671,20.46150273795721]
0	250	2588	2604	4429	4445	0.7524447876911468	-0.26861749398883206	-0.5270294054872702	[-34.27946863552705,1.5198512824793662,19.569610450824044]
0	251	2605	2608	5919	5922	0.8040061316475464	-0.3664065144846633	-0.4590242948316241	[-29.943505223996482,0.027408388129573663,13.65464425120227]
0	252	2609	2615	4418	4424	0.8849362654265867	0.0656213614899213	-0.4262602520742495	[-28.565561358684132,-0.5985836650068574,12.833081242093273]
0	253	2620	2623	4410	4413	0.8427046439915648	-0.446407009327731	-0.24581249722777218	[-23.79576088918064,-1.388929225243396,12.929287814899732]
0	254	2629	2644	4392	4407	0.7582103284436345	0.08647063554773386	0.5791648668130971	[-20.472986219806828,-1.9232321132582357,12.436876873426431]
0	255	2652	2665	4371	4384	0.8964351659140988	0.22187149072978388	0.30807275470241147	[-12.004730409558075,-0.9088090986755055,15.47462423869737]
0	256	2675	2681	4355	4361	0.5542736095818489	0.207732359979819	0.7919905710479354	[-4.313402014825311,-0.06640379658559492,21.026474417255155]
0	257	2686	2689	6132	6135	0.14058987396758343	0.2308713766415177	0.9565424247557348	[-0.2541457060216851,0.7684851574607066,23.24836782813548]
0	258	2690	2706	4333	4349	0.10182353531108627	0.3265621614026207	0.9169187216999857	[0.12522008333461504,1.0801975781659192,24.76383256922274]
0	259	2707	2710	6111	6114	0.1265027779161889	-0.0668767113540899	0.9671663077459435	[-1.591182576848572,3.7341367504643994,31.114220227952874]
0	260	2711	2716	4323	4328	0.08375375058334239	-0.3406592020252666	0.9066139271939839	[-1.4635222311880476,3.6385580296014703,32.66867041825853]
0	261	2718	2721	6100	6103	0.20338546744818364	-0.18267560070258038	0.9544615920484878	[0.897478976539779,3.081415104490885,35.271858072885635]
0	262	2722	2730	4309	4317	0.11999531274019047	-0.006668085526723773	0.9732086034951826	[1.3759047660823704,2.6351099717201008,36.89087013675932]
0	263	2733	2738	4298	4303	0.7378268873807848	0.08882090357645209	0.6505121810808717	[2.40277153756918,2.3049322176660105,41.37754022991324]
0	264	2739	2743	6461	6465	0.8517549095453298	-0.2555176305226662	0.40053206494873383	[2.955230416889994,1.7065008429480697,44.86120658540564]
0	265	2744	2764	4272	4292	0.8784614069408525	-0.04475375655107405	0.4157023566038477	[4.619230540684509,1.321025355340908,45.70043377002939]
0	266	2765	2770	6434	6439	0.8740046928508327	-0.21211413011246322	0.41457867142900967	[12.046514854794584,0.9594026542203162,49.33711390930697]
0	267	2771	2774	4262	4265	0.7922579892581355	-0.3838941168568763	0.4459380653687452	[15.405668981215168,1.2336539360155414,48.33797546639066]
0	268	2776	2785	4248	4257	0.8958184758334817	0.06532539481949413	-0.3411716764719406	[18.007519344844475,0.24912899229167437,49.2602540518339]
0	269	2786	2791	6370	6375	0.8358299069077765	0.10067100313369752	-0.5118216724103363	[21.68047123288801,0.38457007057487247,47.924839554108544]
0	270	2792	2812	4221	4241	0.8694378245734503	0.2611911401436765	-0.3237452152557877	[24.790519654373156,1.840346483288819,48.40513598091431]
0	271	2813	2817	6344	6348	0.7710935870507405	0.32009052044279496	-0.5065637011736667	[30.88405308939779,3.284986159443648,43.508563753428874]
0	272	2818	2828	4205	4215	0.4465248019056222	0.1255557895648441	-0.8556227969643994	[32.44640587739741,3.9138651609083546,42.340786036470085]
0	273	2829	2834	4196	4201	-0.018089076761256265	-0.17418055282341754	-0.9613181915890634	[34.30961971661651,4.344477796466242,38.50930764730225]
0	274	2839	2845	4185	4191	-0.4015633810527273	-0.1913670370512406	-0.8762894113253251	[34.94921717326695,2.670196151667184,34.30625952387166]
0	275	2846	2849	6269	6272	0.14564030143105614	0.10799299870088447	-0.9806760705080265	[33.74589518228447,4.5509933727732115,31.751144080300662]
0	276	2850	2866	4164	4180	0.14799467644752223	-0.22375959513650032	-0.9451583869613516	[33.8668588891429,4.657281709008302,30.110496245256183]
0	277	2871	2874	4156	4159	0.3217185386932122	-0.08674201571933837	-0.9220159440012002	[36.387092688432205,0.9507815262619117,22.63198803807841]
0	278	2880	2884	4149	4153	0.8963619991082457	0.1477147049228514	-0.3775424731320257	[36.76821508998719,0.18195813960481821,19.313149839730592]
0	279	2885	2890	5637	5642	0.891451761707771	-0.048705261095226264	-0.4324363159417509	[38.67145297150601,0.4377545772742688,18.53580756703954]
0	280	2891	2911	4122	4142	0.8537077357760656	-0.1835664107539436	-0.37068792649619986	[40.011398126459866,-0.6171618424175533,15.51280967305723]
0	281	2912	2915	5612	5615	0.7455616554470771	-0.3531206894884657	-0.5286017684049398	[47.97877823861937,-0.592321151293092,14.212024499902075]
0	282	2917	2922	4111	4116	0.8167831128392018	-0.53491274100294	-0.02653735573811138	[49.63553551099484,-1.2759806300660168,13.206257250689688]
0	283	2926	2936	4100	4110	0.8731527625601325	-0.19402332248671214	0.337897946478759	[51.785094731197475,-2.2777305851604908,13.007264934346342]
0	284	2937	2940	2959	2962	0.7365455492032714	0.2007412029138905	0.6130749696332316	[56.7795485500837,-2.3144213846725,12.490684696955586]
0	285	2942	2945	4091	4094	0.8840377921332693	-0.35032868296299263	0.15697061904564502	[58.514381401241074,-2.1879447583234417,13.776008548975305]
0	286	2953	2957	4079	4083	-0.8790531090941993	-0.2082445048448589	-0.42033612201518233	[58.967926803477425,-2.1793440764960543,16.20506938613595]
0	287	2963	2968	4068	4073	-0.6719108892128987	-0.2617150362801114	-0.6682113294513704	[56.45624557592802,-2.2856473112207025,12.256271139944069]
0	288	2972	2982	4057	4067	-0.20369554999266035	0.23968097213840484	-0.9249598618114312	[54.770335563773116,-2.565432466297265,10.294579089178288]
0	289	2983	2987	5586	5590	0.12271148750526187	0.2216330102164829	-0.9660585693652067	[51.842399361394115,-0.2823553587904646,6.229881269171294]
0	290	2988	3008	4031	4051	0.10863687068722372	0.13710543832151628	-0.9524461106996384	[51.97362958486595,0.052147296544652694,4.204163355531809]
0	291	3009	3014	5559	5564	-0.09489501852560886	-0.13423279411178846	-0.977315249347766	[52.77343526468722,1.190277804332835,-4.143081541840548]
0	292	3016	3024	4015	4023	0.3053309300377063	-0.14832034177747772	-0.9054424358710614	[54.624449942352435,-0.5687321250892736,-6.526512466082261]
0	293	3033	3037	3056	3060	0.8458150074955261	-0.36344984240223044	-0.3595204732384859	[58.67055496279909,-1.7699887236703227,-11.105911917833721]
0	294	3039	3043	3999	4003	0.7087422621265635	-0.5435576625882119	-0.3881992221899613	[59.83426651012549,-2.535207640307284,-14.08124120101645]
0	295	3050	3054	3988	3992	-0.920997878855391	0.20125258814232988	0.03720251447372107	[62.141328999532675,-2.777495773541399,-12.081777232128118]
0	296	3061	3070	3972	3981	-0.9440808905102585	0.11123447477849806	0.07344500446881826	[57.39957303349156,-1.5819843132298979,-13.261590012530965]
0	297	3074	3078	3967	3971	-0.9063095240663015	0.26074068934457617	-0.2850366005199056	[53.47626502516974,-1.1136519794057582,-12.96606836804812]
0	298	3079	3084	5535	5540	-0.8532786826088277	-0.0013144277668442506	-0.4946292471358724	[51.553290995738735,-0.5503214469824673,-13.56328479768097]
0	299	3087	3105	3940	3958	-0.8306596991169655	-0.06930336204213003	-0.5052287166509897	[47.945418392145896,0.6839139462530727,-13.592954678346201]
0	300	3111	3114	3931	3934	-0.8730972951750854	-0.3095124778883042	-0.3504331149132418	[40.72727859081427,-1.0826348164486168,-20.011932514410596]
0	301	3119	3130	3918	3929	-0.03971524944625398	0.3784254236866307	-0.8819925156941794	[38.20384385241799,-1.587384827730555,-21.720980505688875]
0	302	3138	3156	3892	3910	-0.08829819471626106	0.002752300057829763	-0.9216092406814488	[35.76021589279924,1.173423260151759,-28.977379510751852]
0	303	3176	3180	3871	3875	0.6935532751777435	0.5871615244051314	-0.39796827993329853	[39.264286024916174,0.4940721085461954,-42.06278588124235]
0	304	3181	3186	3203	3208	0.5146108685911815	0.8046090046108606	-0.23757821249501826	[40.54756978159077,1.7501190592915428,-42.746680617493936]
0	305	3188	3191	3860	3863	0.6295845362209137	0.738132428189195	-0.20582802783830742	[40.84294092140692,4.345670098114575,-45.470596291846306]
0	306	3209	3217	3834	3842	-0.5148868959154923	-0.8432173008738323	-0.06927643324667655	[38.98677063981037,1.9236809263813117,-44.87289477633675]
0	307	3222	3226	3828	3832	-0.7695491779388787	0.2847273629231605	-0.5235353495889314	[35.67064767206056,-0.8017627862690926,-44.88124966723631]
0	308	3233	3253	3801	3821	-0.7957343815966788	0.07444666344342388	-0.5354380753105328	[30.82113400701156,-0.7868512041667215,-45.397486362494675]
0	309	3259	3264	3790	3795	-0.548166514269439	-0.10304957943545476	-0.8174643607038086	[23.375202778450998,-0.13321151686009838,-52.84214498077844]
0	310	3268	3278	3779	3789	-0.4918966941491793	-0.2074600639595407	-0.8038852394776216	[22.065599248499744,-0.25363836164728454,-54.89523066543966]
0	311	3279	3282	3301	3304	-0.07041418392168018	-0.42499277163658106	-0.8922133125064237	[17.698060362614157,-1.1062092460282986,-57.79901365573781]
0	312	3305	3310	3747	3752	-0.11473749362144156	0.095124124730815	0.9838020468867178	[17.601337961857183,-0.9180556186391333,-57.42472917544617]
0	313	3314	3324	3736	3746	-0.5808094113830722	0.027465178799135757	0.7810832671203761	[17.219746635136616,-0.6707456178800733,-55.11503652798364]
0	314	3330	3350	3710	3730	-0.7601884682560297	0.004996137657340064	0.5525055261772521	[14.291295811673276,0.9781139548352247,-49.05188103117798]
0	315	3357	3366	3694	3703	-0.8735494989009056	-0.4145013298773803	0.15131100979369222	[4.756851175190208,-0.3683798789281877,-45.12309295838891]
0	316	3370	3374	3689	3693	-0.9298599551104298	0.23229253903074232	-0.22213164483770814	[1.120697248725899,-2.0508282449311723,-44.442836864708404]
0	317	3375	3380	5337	5342	-0.8825080777138998	0.048336766045808555	-0.458122604795149	[-0.7818437669627352,-1.64111565644569,-44.92627909858883]
0	318	3381	3401	3662	3682	-0.8119257623561463	0.058460054053669566	-0.4965213397035737	[-3.702028944738381,-1.8815400607615405,-43.580769299205215]
0	319	3402	3406	5311	5315	-0.9795108960625813	0.08279611261036282	-0.17210188755535435	[-9.938614017524792,-0.3611288886957925,-49.92439966960873]
0	320	3407	3412	3651	3656	-0.8577601278623448	0.17254885282332744	-0.46896753533356783	[-11.911477553504174,-0.13058430765050583,-50.41868347949986]
0	321	3417	3426	3640	3649	-0.5064147158013697	0.0035362363475750563	-0.8277645014275207	[-14.09823617351099,0.5835283049771727,-52.20761113127354]
0	322	3427	3430	3449	3452	-0.003601308497896527	-0.028847629957290927	-0.9868583041429374	[-17.382011569660378,2.3984144359088777,-55.58296190554857]
0	323	3443	3447	3619	3623	-0.11347461125984706	-0.10948564103097773	0.9830649084201571	[-16.156131346628143,0.43005926282242973,-59.179886118169506]
0	324	3453	3458	3608	3613	-0.10502142689656706	0.23426145419817973	0.9452384956765615	[-17.33329934014171,2.558268245682074,-55.14958303401576]
0	325	3462	3472	3597	3607	-0.5338069477455155	-0.10332160057425628	0.7920663839735574	[-17.60646102551796,3.1805195364593413,-52.82126163032313]
0	326	3473	3477	5286	5290	-0.8301783252951531	0.17433526590034376	0.4755218242603651	[-19.100136826781565,1.6213457628396322,-47.46258734588143]
0	327	3478	3493	3576	3591	-0.9095346482054271	-0.07422623267076693	0.3649507503142769	[-20.75542942063583,1.8835161966719638,-46.45241359324038]
0	328	3494	3497	5266	5269	-0.737739833904171	-0.12442412066451643	0.6309628804446411	[-27.52815717880413,2.3263677240275493,-46.138914051226394]
0	329	3500	3514	3555	3569	-0.9347623210591584	-0.28116730138416657	0.005669990067960768	[-29.626678574374054,1.6416625310172306,-45.212797438415876]
0	330	3518	3522	3550	3554	-0.8232208946432286	0.4612121267850201	-0.21738087488782265	[-35.353179327378825,0.09347409883053354,-45.24112316193859]
0	331	3529	3533	3539	3543	-0.8541307288723534	-0.03108132468964016	-0.5033648900872674	[-40.04898960567134,1.4358760143311238,-45.3460755645189]
0	332	3544	3549	6990	6995	0.6805600081577359	-0.36463017432190137	0.6255624256026691	[-39.68829516876972,1.4418721701296,-45.13038421413683]
0	333	3614	3618	3635	3639	-0.2466166472795102	-0.1992190899347817	-0.9403141018848024	[-15.960952813484019,0.6055669719173686,-55.57063294479023]
0	334	3731	3735	5008	5012	0.570432757775916	0.2016929753560758	-0.7614011564799888	[13.6009045549688,-0.7688407279373644,-50.48907731889083]
0	335	3796	3799	4987	4990	0.929151550527325	0.13185343074525246	0.3383218900116032	[22.546416875882628,-0.2930938583024003,-50.67255278858694]
0	336	3822	3827	4959	4964	0.7057236395090086	0.020342005724365297	0.6874302712674009	[31.16352951340121,-0.6637741729428933,-45.17519515398833]
0	337	3843	3848	3865	3870	0.5376187211050143	0.8161622067293317	-0.16967161665746872	[39.269152885854496,2.226785496128609,-44.93641436332052]
0	338	3886	3891	4938	4943	0.06975447957982935	0.2774324609743837	0.9378865116891089	[37.44963607736262,0.4898436986425964,-38.13487236258214]
0	339	3913	3917	4912	4916	-0.05315015864960287	-0.16398402694070432	0.9617837004274286	[38.106848936019105,0.43207882055614927,-27.747165954070784]
0	340	3982	3987	4004	4009	0.8963436164366383	-0.2521094033435408	-0.31498059633258235	[57.666301235465426,-1.838831045565931,-13.382208098012512]
0	341	4074	4078	4095	4099	0.8336837829201507	0.21648600685557295	0.48836957021332417	[55.78751364775282,-3.0229355752842344,14.472595341223954]
0	342	4367	4370	4743	4746	-0.9438634928167776	-0.09177587373791718	-0.25075701050546934	[-6.5237273761480346,-0.5495398314995271,19.763412333225254]
0	343	4385	4391	4722	4728	-0.844702883891956	-0.28964021830116443	-0.4148820872116546	[-12.452286097787963,-0.8425351499211423,15.544457290905843]
0	344	4623	4628	5178	5183	0.7686304596550317	0.23821130754421915	0.5564188428187739	[-30.257690024696455,-0.01026576210379302,-16.527596445973714]
0	345	4644	4649	5157	5162	0.8461016067728803	0.21415617372996393	0.4666509461885916	[-22.31091835989209,0.44088920939124177,-14.07336941001893]
0	346	5415	5420	5781	5786	0.8316583926196381	0.12391143286261766	0.5143838609002892	[6.661093587387786,0.3051150969757085,-18.561543689424816]
0	347	5436	5441	5760	5765	0.922914220214072	0.1924702129673498	0.2627849354228165	[12.331657288374945,0.6701911224274146,-11.563917537331086]
0	348	5661	5666	6228	6233	-0.9232273246717748	-0.013973775863233628	-0.3692776673666313	[31.50899534534164,1.3038403238774365,16.336881955723605]
0	349	5683	5687	6207	6211	-0.9592097592370499	-0.07030025321508207	-0.258977503860803	[22.800078347470205,0.05356046755665589,15.392487674920087]
0	350	5956	5960	6691	6695	0.028800592700708783	-0.16604263650510265	0.952618752805357	[-37.116972475441585,0.5023943832817942,26.13614002882764]
0	351	6004	6008	6600	6604	0.9190017259210165	-0.2891660942812515	0.21758614926138198	[-34.94104002403817,-3.3048589962982273,45.76808926651204]
0	352	6051	6056	6509	6514	0.8288022980040575	0.1639279929116471	-0.49944393514788643	[-16.351426973809257,0.14275636923091373,46.02846292613808]
0	353	6078	6082	6483	6487	0.8635473453760052	0.36529845490927226	-0.17450774318395296	[-6.417703488848872,0.9820659212393621,42.774668618664876]
0	354	6391	6396	6413	6418	0.0565723685196484	0.19436354137168177	0.9597084131973246	[19.329622767697884,2.252061986120411,55.618073211520205]
0	355	6530	6535	6552	6557	-0.02297554497967135	-0.19099584623280402	0.9725679027236567	[-17.536403455213907,-0.6445982114676843,53.56213994211301]
0	356	6622	6626	6643	6647	-0.7161816595500982	0.29452573598011167	0.6299434737476913	[-42.645226609780266,-2.362260820827803,43.65456232445946]
0	357	6761	6765	6782	6786	-0.9544630088757492	-0.03454892720288778	0.24665726788184483	[-58.88363647662898,-5.026343800365856,11.066329967780614]
0	358	6851	6856	6873	6878	-0.9548115892380272	-0.1461994416795207	-0.22178637867561032	[-56.711485804469355,-3.3708566726245404,-10.745951846177114]
