time	duplex	start1	end1	start2	end2	axisX	axisY	axisZ	hel_pos
0	0	0	12	1777	1789	0.9890308504931372	0.1246396768364443	0.07926492118792816	[0.9007837703444851,-4.9887194108656,-3.395077661885308]
0	1	13	20	239	246	0.9003489172979701	0.3942070510264384	-0.18431665155761742	[-1.876773571969882,0.3752991383849305,-8.364982077916455]
0	2	21	29	1760	1768	0.838399288981795	0.49676037609651374	-0.22431174952567856	[-3.3073709793576707,2.768855907012117,-6.229899141364982]
0	3	30	37	476	483	0.8304915209643097	0.3112024587866182	-0.4619922761817033	[-4.586835845712687,-0.030109826994543096,-8.26571942214026]
0	4	38	45	1744	1751	0.9473639311769064	0.18921739098172013	0.2582602579862197	[-0.3377618416581228,-0.05606447946062354,1.2800721381712556]
0	5	46	53	714	721	0.9376976869872233	0.32447014610206865	-0.12426653655475137	[-0.7053341355576013,1.2884727337223112,-1.9580432355486006]
0	6	54	62	1727	1735	0.9626494846037384	-0.1846862506875672	0.19798221788616716	[-0.478978716251002,-0.42864142894609997,1.9290845410842086]
0	7	63	70	957	964	0.9934339848821272	0.05833325457681906	0.09841823556482579	[-0.21176904766114824,0.6000380514266116,1.7819502196576607]
0	8	71	78	1711	1718	0.9309508940324607	-0.3643597425862576	-0.023925109877248857	[-0.2947471697800426,-1.0123780894617431,3.948766770171396]
0	9	79	86	1195	1202	0.9782883836148877	-0.20676217731172777	-0.01418592674039866	[-0.21610424108720916,-1.3011277098689198,4.061188993985521]
0	10	87	95	1694	1702	0.9658211869225257	-0.2448822386088821	-0.08498308128954919	[-0.0017436157152422365,-2.380535986148953,6.839796245997117]
0	11	96	103	1432	1439	0.9887497906095081	-0.06097277511145999	0.13658759923529282	[-0.9984712941405804,-3.603943712126392,5.619074043575033]
0	12	104	125	1664	1685	0.937337109679748	-0.22332724033481335	-0.2674398746291445	[1.2909029003822188,-5.648993603860093,9.241648610432065]
0	13	133	139	1650	1656	-0.9345529376271788	0.33797468689314525	-0.11128305258165214	[-0.7029290729969087,-0.48642506905415034,4.425876701583799]
0	14	140	147	366	373	-0.8975437402079283	0.4400967055767946	0.02702080964766448	[0.652880719434248,0.9354689818052427,6.450294718831978]
0	15	148	155	1634	1641	-0.8274623490209739	0.5198939917392724	-0.21217044635409893	[1.3835165702744807,2.6001369675967374,0.9755727980064631]
0	16	156	162	605	611	-0.9339808755931492	0.3283137180738152	0.14103129635226927	[0.8832305604042237,0.691340424075245,4.239795864745813]
0	17	164	172	1617	1625	-0.9995917202986437	-0.02212365946656138	-0.01808138275148538	[0.005246003223059391,-0.892934332739275,0.8025444688903773]
0	18	173	180	841	848	-0.9905267968695465	0.12450234016694954	0.057929543208192796	[-0.02073633800979313,-0.47895162805191444,0.6747973121607798]
0	19	182	188	1601	1607	-0.9816871523574873	-0.12699772820674324	-0.14199264743842788	[0.3587794853728816,-0.4317661741957708,-2.0943048351116906]
0	20	189	196	1085	1092	-0.9934141742090505	0.07325222445644239	0.08810442720279685	[-0.2841117321292093,-0.7666809290976513,-2.5660406114566876]
0	21	197	205	1584	1592	-0.9302409662376654	-0.366916898686171	-0.004871775008876468	[-0.16977144951896442,0.4987915809350653,-5.1493968177237335]
0	22	206	212	1323	1329	-0.975763404060697	-0.18630227858882265	0.11479216126762946	[-0.5180808943734218,-0.991282536133652,-6.012628080679375]
0	23	214	238	1551	1575	-0.9141373078628277	-0.2847589590367913	0.28855730387842354	[-2.3919523392248485,-2.399038079170248,-9.94506262519844]
0	24	247	253	1536	1542	-0.8805660949789584	0.3763310365177854	-0.2880595482308427	[-5.276862607280067,-11.213487861986208,1.4810923379297938]
0	25	260	266	1523	1529	0.6219324273731209	0.32429302590443065	0.7127651009494825	[-10.582146357018344,2.0697088289578067,8.291915280197049]
0	26	267	274	493	500	0.7734437267860517	0.63096819063758	-0.06053052039130524	[-6.47097696723006,7.659407690355203,-2.8430935110027034]
0	27	275	283	1506	1514	0.9640403358230968	0.15014353643421807	0.21927870250691833	[-1.2804067379322246,2.1833869930984746,4.134201300509152]
0	28	284	291	730	737	0.9525794470830979	0.28083671682500605	0.11714578728153617	[-1.474043192561308,3.9112484186814407,2.609748859533688]
0	29	292	299	1490	1497	0.9847539105771029	0.07521682630365137	0.15685077189452795	[-0.9857133942987296,0.8566781436551594,5.777775255220614]
0	30	300	307	974	981	0.9816844710936722	0.18412662151768516	-0.04891816086097396	[-0.19161951525066942,2.124270300210316,4.150295258748693]
0	31	308	316	1473	1481	0.9650754272172628	-0.23736944551312888	0.11083846858472654	[-1.062431069716624,-0.6452069827112045,7.868871754589469]
0	32	317	324	1211	1218	0.9208440529942999	-0.28774308890904016	-0.2631542225580188	[1.3879680381843065,-1.3920045483575774,6.3789278618089735]
0	33	330	349	1440	1459	0.8933289078236873	-0.41288844388951645	-0.17744462614864362	[0.5657878641097277,-2.9523019948398335,9.717995234196929]
0	34	350	357	1686	1693	0.8784977804712452	-0.43791308518753214	-0.19098109730712354	[0.7810898427917579,-2.7101054600534766,9.807129411476707]
0	35	358	365	1424	1431	0.963033272916922	-0.014409919930894773	-0.2689967833683268	[2.3504487593895314,-4.118973589335552,8.635472930609506]
0	36	374	379	1410	1415	0.9425710385852973	0.3013499332488116	-0.14404185138761139	[3.103854794905277,-6.8990519709196345,5.877283432417191]
0	37	389	393	1396	1400	-0.9288491349970334	-0.13355563758364883	-0.3455461996389023	[1.6369250711695154,-1.2984531736516165,-3.8982940525431196]
0	38	395	401	620	626	-0.9905903876722956	-0.08768811688733352	0.10507843740751328	[0.25650754568453077,-0.5617254050666453,1.9493748783877098]
0	39	402	409	1380	1387	-0.9908411434770635	0.13363047534512257	0.019409390822531004	[0.29764754075729993,2.472991800344739,-1.8313629980749924]
0	40	410	417	858	865	-0.9890242223773237	0.08543337933174786	0.12054967958019472	[0.04335560431645301,2.1304459549602566,-1.154142052103707]
0	41	418	426	1363	1371	-0.9215146986975621	-0.3159809407699126	-0.22575806775063947	[0.9850118111256352,1.1576726088155873,-5.641018082183159]
0	42	427	434	1101	1108	-0.9697205446923198	-0.22664989027425184	-0.09094994469652197	[0.238088801408902,1.2435453087089396,-5.6374856704770675]
0	43	435	459	1330	1354	-0.9360297417104617	-0.350241401293441	0.034340696752583645	[-0.3066375363474114,-0.008886714145144511,-8.448703043256112]
0	44	460	467	1576	1583	-0.687368563714042	-0.7068614119314336	0.16694730288326276	[-3.623615251193113,1.4905242250028106,-8.608495780649728]
0	45	484	492	1297	1305	-0.9904053903498233	-0.04606532819573869	-0.1302887113461194	[0.00868876714274456,-0.7056281841848423,0.18343563174457564]
0	46	501	506	1283	1288	-0.8836382747863055	0.45236642922624815	0.12061514433011823	[-5.060871368533398,-9.337523429887588,-2.056105927567622]
0	47	517	520	1269	1272	0.7482414193207136	-0.06835641979178568	0.6598955813506956	[-11.206192833712256,0.30673996880596527,12.738235434078225]
0	48	521	528	747	754	0.9913135955223966	0.09783933673616532	-0.08789095243246228	[-0.06735550260919335,3.093706614936204,2.6841872941722076]
0	49	529	537	1252	1260	0.9598956357890872	-0.16872602592467903	0.22390153319869976	[-2.2684381071272095,0.029716537310746215,9.747489269744861]
0	50	538	545	990	997	0.991425552781798	0.08647001894907708	0.09797096056614155	[-1.1347442672818635,3.3431859842572864,8.53241717970636]
0	51	546	570	1219	1243	0.9567885636295284	-0.28485623983201114	0.05841718186040684	[-0.975762986028276,-1.0471659012317065,10.875347021323554]
0	52	571	578	1465	1472	0.8433345505566959	-0.5180157651059711	-0.14299126875096468	[0.2788506404656895,-2.177331509116324,9.532445155848833]
0	53	579	586	1203	1210	0.8729819410263839	-0.4632105838897663	-0.1527693870325751	[0.4608541975051441,-1.439189050413455,6.997246064815566]
0	54	587	594	1703	1710	0.7799577764805687	-0.6119699530714966	-0.13099100520706436	[0.2790877002156801,-1.086003317326805,6.735409197361362]
0	55	595	603	1186	1194	0.9879375579130822	-0.06885645148824682	-0.1387017330576013	[0.5066280114507755,-1.410897123751818,4.309003186797677]
0	56	612	619	1170	1177	0.9826624270548069	0.10263509334242309	-0.15440398981032896	[0.4623022427870715,-0.8055022811853478,2.4067658003496066]
0	57	628	634	1155	1161	0.96150947658997	0.2745819081685871	-0.010212841630982647	[0.569290175541645,-2.0552899789278,-1.6613931904552082]
0	58	641	647	1142	1148	-0.9094207393504035	-0.3722555675869976	-0.18541766701112333	[1.9812973386832018,-1.4250121130043543,-6.856758679836112]
0	59	648	655	874	881	-0.9910839243011157	-0.06268760639119798	0.11757091050443656	[-0.5241047701340564,2.622154924136491,-3.0199238487227014]
0	60	656	680	1109	1133	-0.9775783860369391	-0.16661127586564073	-0.1287679381982829	[0.8906385202792316,1.489802790406854,-8.689173147836412]
0	61	681	688	1355	1362	-0.7944257023536188	-0.6005012042296484	-0.09102805698630353	[0.6788284535967124,0.35394054481733095,-8.259217205172424]
0	62	689	696	1093	1100	-0.9079682486189352	-0.4095001749242655	0.08890031629223465	[-0.7908047013307936,0.6285083694823104,-5.18166066933113]
0	63	697	704	1593	1600	-0.8325093347420148	-0.5491645060670312	0.0731201261183402	[-0.9275188520301002,0.7100239511361824,-5.2276735604113895]
0	64	705	713	1076	1084	-0.9715777572046344	-0.11565436198458884	0.20654474154320693	[-0.5656731899491638,-0.3858807857706217,-2.8769761013630393]
0	65	738	746	1043	1051	-0.9560440174457213	0.22162774957051434	0.19199212829320667	[-0.5037286765581849,-2.8650772118323315,0.7989589392466788]
0	66	755	761	1028	1034	-0.9018554359981157	0.4292203650479037	-0.04926104737815503	[-2.5817512354726495,-4.654541954968153,6.71001139147977]
0	67	768	791	998	1021	0.8762343973941041	-0.45566826416698825	0.1567791882056893	[-3.235496869117349,-2.2534091685441426,11.533715831725713]
0	68	792	799	1244	1251	0.8947900598540011	-0.42431203169130405	0.13896060070563448	[-2.9342857887478444,-2.4374559635614164,11.451647851296832]
0	69	800	807	982	989	0.98722564617126	-0.1591245074620246	-0.008056963864036752	[0.12165899620478728,0.40161298516899585,6.975135253652491]
0	70	808	815	1482	1489	0.9020118432835582	-0.4135066797995749	0.12404378395280075	[-1.8548059823681258,-1.690799350374355,7.85126111502079]
0	71	817	824	965	972	0.957416907467166	-0.2851799769975218	-0.04500273342477486	[-0.16393264778103322,-1.1778382555467108,3.976291756839756]
0	72	825	832	1719	1726	0.9618024691905587	-0.2731829047096544	-0.017524577978949615	[-0.26817738880328534,-1.196924103596935,3.939925325931996]
0	73	833	839	950	956	0.8769946510724433	-0.36640601527622674	-0.3108488603159435	[0.21420763384484356,-0.22725211652100383,0.8722100229120765]
0	74	849	857	932	940	0.93544158116025	0.3510198826700541	-0.04164240875253302	[0.1754933452456161,-0.6432618911328335,-1.4800762741217184]
0	75	866	873	916	923	0.9841108926538642	0.03687472017319106	-0.17368363760631986	[-0.5291200286535785,3.258520603128275,-2.306237673397299]
0	76	882	892	897	907	0.8552337654277412	0.5048305405693224	0.11713808851425495	[2.056631606864254,-1.4755360695759758,-8.656493668831349]
0	77	908	915	1134	1141	-0.7896468966806762	-0.6127887329971011	0.030785504289927993	[2.5586492750928826,-3.6246710169231835,-6.520214784527135]
0	78	924	931	1372	1379	-0.8706068798456742	-0.45063606006024026	-0.19741023818121328	[1.2132967048070353,0.049308063551410826,-5.463366337651972]
0	79	941	948	1609	1616	-0.9112868613284113	-0.3819887934471722	-0.15375570900290758	[0.5308474858201587,-0.5314121259378816,-1.8260191065920937]
0	80	1035	1042	1261	1268	0.8601391726074131	-0.4303540822243461	0.2737808752617237	[-5.1927165812725855,-3.7618084846560587,10.400833524841849]
0	81	1052	1059	1498	1505	0.9749110752166643	-0.22025865105309314	0.032163986944392445	[-0.7366023291169429,-2.6387031263255936,4.257077264369175]
0	82	1068	1074	1737	1743	0.9904426075033326	-0.015493488197040004	-0.13705251936935506	[-0.06467426787470355,0.21187737504225904,-0.49133624417474747]
0	83	1163	1169	1388	1394	-0.9746597532927984	-0.1496193682272939	-0.16629013789905486	[0.7282527818657111,-0.5182562234696765,-3.8021347264528558]
0	84	1178	1185	1626	1633	-0.9217871389686739	-0.35671929222463805	-0.15185459158912493	[1.0449624881741573,-2.836879744977774,0.3209435548916903]
0	85	1289	1296	1515	1522	0.9426044562251391	0.27584768892533224	0.1881618761042281	[-1.9519734422792059,4.10121862783247,3.7660508044034673]
0	86	1306	1313	1752	1759	0.9551133735884993	-0.28594625017900077	-0.07741566767111108	[-1.7106904885575756,-5.0279866312311485,-2.533975956581385]
0	87	1416	1423	1642	1649	-0.9732923916763866	-0.05916287643570547	-0.22181450438759096	[0.011929325946282926,-4.548492077058884,1.1608400147383782]
0	88	1543	1550	1769	1776	0.995380603291315	0.09599669820699502	0.0014451729215777137	[0.34441711816054527,-3.5276237190384783,-2.8964625973969187]
