t = 0
b = 250.0 250.0 250.0
E = 0.0 0.0 0.0
-7.693765542221938 0.07552197184704666 -19.295234886267124 0.36986016479434036 -0.8633694484394207 0.34321517157566617 0.6660958962276976 0.47674801882052087 0.573609260367481 0 0 0 0 0 0
-5.116196487462881 0.37849054573626056 -17.756178709522793 0.0877282823517474 -0.6923818708694474 0.7161781156716086 0.8501231436904895 0.40831793646462916 0.33251632038603207 0 0 0 0 0 0
-5.008322200978229 1.9968990489329914 -13.293641875878633 0.8865837614496052 -0.1446954955439539 -0.43935458061019367 0.470415718883488 0.12078299316552105 0.8741398743847056 0 0 0 0 0 0
-2.361648648044025 2.048014053995253 -12.10413143611772 0.07448538308424418 -0.8879437085631477 0.45388092946269176 0.6808549336361 0.36039537935394955 0.6376140916602334 0 0 0 0 0 0
-3.3093345193834884 1.980072063270859 -7.698150164319696 0.8558876227658113 -0.41664515019437737 -0.3063710104037144 0.2753631810250256 -0.1107804391524169 0.9549360255205459 0 0 0 0 0 0
-1.1282353371464773 1.2045090772916531 -6.386009807194878 -0.15524251043547974 -0.8683074149656315 0.47110720231110087 0.7058534491656726 0.23331459139516672 0.6688312266506623 0 0 0 0 0 0
-2.3103830631472575 1.1126247080054248 -1.4557671700967576 0.9571667896829332 -0.044245379486758836 -0.2861364763921933 0.25048854210815913 -0.31281647009133295 0.9161884884193466 0 0 0 0 0 0
-0.008064703103247322 0.73367756542907 -0.16688632909218112 0.10449241072569866 -0.9717462810167804 0.2116376654350266 0.6195822056584247 0.2286511878505465 0.7508904878382568 0 0 0 0 0 0
-1.1289998267781265 -0.4218345318096316 4.125685281284078 0.8619147185223818 -0.3452525497834033 -0.37135386743986104 0.19709329761659578 -0.4299468129993971 0.8810788670864133 0 0 0 0 0 0
0.900300091874924 -1.5734809331348014 5.239551831502843 -0.15653374926866556 -0.9568507155986685 0.24481399755367422 0.6496521745016335 0.08028842903744887 0.7559800396359666 0 0 0 0 0 0
-0.28326943792586184 -2.887560114860892 9.982725594091235 0.948516120481086 0.025421684558686448 -0.3157069957123352 0.28486888250069475 -0.5545021156481317 0.781906083570496 0 0 0 0 0 0
2.0165229663967286 -3.761927280280808 11.085555286077513 0.09889295748598419 -0.9862447949259588 -0.1324439029971887 0.6076972856394032 -0.057726994031539795 0.7920679283916148 0 0 0 0 0 0
3.330427026269797 -8.154238467876576 13.883986086516096 -0.43884790828646386 -0.8418328034080546 0.31421337415637024 0.8936653406984438 -0.348092763568123 0.2831848985836656 0 0 0 0 0 0
7.928899675628634 -7.63410863173582 15.382350172067055 -0.6788668338840484 0.41502949234779746 0.6057147367645739 -0.4074264041196581 0.48136162150226 -0.7760764875776357 0 0 0 0 0 0
5.620957613398775 -6.287967750015311 15.07061456380053 -0.2887637442956624 -0.5550786101853872 -0.780066174433303 -0.5514438842788704 0.755875884098696 -0.35293241609328907 0 0 0 0 0 0
6.609484400481598 -4.432379500246099 11.213157149202097 -0.9535627078469217 -0.25232983074995796 0.1644622106057921 -0.27464684252779376 0.5369401648751104 -0.7976618150779203 0 0 0 0 0 0
4.272395639287558 -3.7187149111283624 9.995218637117821 -0.05440035317245453 -0.5072576637889139 -0.860075731608633 -0.5987848180802502 0.7034002973025961 -0.38299446913920454 0 0 0 0 0 0
5.627383610674169 -1.539062641294202 5.700441334043459 -0.9552407599066342 0.010274459968674137 0.29565102077508265 -0.27373597165669517 0.2662717071937986 -0.924212094580711 0 0 0 0 0 0
3.3649331562719844 -0.7714126373063367 4.396786911112198 -0.2790833958245032 -0.7245618505540963 -0.6301766283326342 -0.4605462672013709 0.6747064880022039 -0.5767740379165963 0 0 0 0 0 0
4.721879751222333 -0.394040320111902 -0.47773648538980656 -0.9041298162721195 0.32423414507626214 0.2782471823656239 -0.2780319486786978 0.03157962871416406 -0.960052583228753 0 0 0 0 0 0
2.416411707185786 0.045529862979958376 -1.3974607738695275 -0.08674256101914055 -0.7333663875576034 -0.6742769977602319 -0.5673101293005894 0.588978426364188 -0.5755550629353487 0 0 0 0 0 0
3.596364423585088 0.9261478326621814 -6.265318777577616 -0.9370215561889905 0.12060986296460342 0.3277863087330249 -0.3339499820992573 0.0007780463858296775 -0.942590475285915 0 0 0 0 0 0
1.2672950922204302 1.390303810504884 -7.534920697686038 -0.3528364189914255 -0.8412004869000251 -0.4097416286789372 -0.5095273254894572 0.5264905186471583 -0.6805803687693371 0 0 0 0 0 0
-0.7925824446272614 1.1205115987808547 -13.702219177622585 -0.4195577427592933 -0.9075254767507969 0.019204414569716007 -0.5963028096697217 0.23867168815104325 -0.7664585993092691 0 0 0 0 0 0
-5.020026382331472 -0.35520047982933955 -16.966541789271016 -0.07148503515728331 0.6722405946085033 -0.7368734441605072 -0.916004489458852 -0.31880133146411593 -0.24351896506829745 0 0 0 0 0 0
-8.686117191912418 0.7002571059593616 -15.571743162878679 0.06768462325663173 0.13922233818061466 -0.9879453083678926 -0.9972886296984357 0.05922020830769503 -0.04368473420097382 0 0 0 0 0 0
-10.54550235308404 4.012538674175954 -14.65001511698177 0.9420021936757229 0.14470667137457316 -0.3028066154657408 0.31546382558043395 -0.21149491770242757 0.925068902588451 0 0 0 0 0 0
-8.128500554807374 3.5610337153694567 -13.825551689892645 -0.2347884616905434 -0.8336246436152376 0.49994432871506445 0.7642004845731551 0.15777502192582285 0.6253836117411944 0 0 0 0 0 0
-8.877037736439558 4.151696007494396 -8.966553466731758 0.8970478777256164 -0.2090467968961175 -0.3893642790183005 0.34839972776398187 -0.15212745384613607 0.924918843726451 0 0 0 0 0 0
-6.43645872238924 3.5420940052341487 -7.684627799917124 -0.08700432721078176 -0.9511050830243567 0.2963601999119158 0.6718207577857105 0.15888377117710045 0.7234727477001303 0 0 0 0 0 0
-7.682249087438296 3.091475871806074 -3.3313171469685745 0.8408035827497162 -0.43779917411263863 -0.31840417456674847 0.24927949353051093 -0.18178547873095208 0.9512169961831688 0 0 0 0 0 0
-5.560481088048952 2.240646040880953 -1.9186705119709984 -0.20473704609528184 -0.8705379579037505 0.4474890007642046 0.6653879347994258 0.20406355484852517 0.7180647337155182 0 0 0 0 0 0
-6.717350303088977 1.4576295524833642 2.7795466038383916 0.9250866036979409 -0.20606164290167142 -0.3189880483392327 0.1994522550223195 -0.4495332748279883 0.8707115669318606 0 0 0 0 0 0
-4.585057394500638 0.4924034151948457 4.032083682618979 -0.057588774518838697 -0.9913465302065291 0.11796435943493092 0.6051779559941718 0.04796300912496771 0.7946440658146227 0 0 0 0 0 0
-3.6789822969593646 -2.4851380948294857 10.814816691284397 0.8283831456474686 -0.22091239007095362 -0.514761187270703 0.41057966162119164 -0.4287615190354292 0.8047284643017538 0 0 0 0 0 0
-0.8243834261384783 -5.607376032485391 12.877816961940772 0.5488139768281377 0.5681497751112294 0.6131957696194126 0.6286172694940568 -0.7527107015700393 0.19561934524932725 0 0 0 0 0 0
3.737386141672568 -5.53293783439988 12.27570364666826 -0.3757377335190555 -0.20637859943997763 0.9034539442069842 0.9256548615503911 -0.20101172879009607 0.32055789208338525 0 0 0 0 0 0
5.3119717062532485 -6.884011978587818 14.181110316773355 0.25573063930251894 0.538092942911988 0.8031549196202693 0.6657501223107471 -0.6943573579360428 0.273211702024828 0 0 0 0 0 0
8.833496389114508 -7.2906358625137635 13.469847999452714 0.08383468684875833 0.5505133832622149 0.8306062605893121 0.8798422074186085 -0.43219847640236914 0.19769210161314263 0 0 0 0 0 0
11.756846510732558 -4.693768925424776 12.71987925130805 -0.4354108865105022 0.8612561807770952 0.2620212796346701 -0.37177693666830436 0.08870002422789947 -0.9240747886743268 0 0 0 0 0 0
9.830299980305202 -3.0805911601723968 11.746109299104868 -0.5268481117195171 -0.7906586998775519 -0.3119132691719267 -0.4284541419454904 0.5646929579813587 -0.7053714705430161 0 0 0 0 0 0
11.256186985125572 -2.4191021511888327 7.927241659986081 -0.9299905682216175 -0.3528800940787231 0.10292318602639793 -0.20076005383609644 0.3091519696456218 -0.9295807982353983 0 0 0 0 0 0
9.104333763999467 -2.2137802005834746 6.343023708894902 0.09227418142387053 -0.6302218342204634 -0.770912391335325 -0.6007112942318288 0.575936263987941 -0.5544757531271625 0 0 0 0 0 0
10.4577114148996 -0.6191672189118355 1.7428897344545606 -0.9619669913192992 -0.06027311448441496 0.26643321730303104 -0.264896292300023 0.10504364747847166 -0.9585383594046298 0 0 0 0 0 0
8.203781712790038 -0.24294209188949545 0.32387117703146384 -0.18728203797204682 -0.7977278675739696 -0.5731977735031113 -0.5293650083172484 0.5625225556439596 -0.6350913811106774 0 0 0 0 0 0
6.841317762765443 0.4688069387495121 -5.948787539571764 -0.3814317814193127 -0.895608526623472 -0.22889989769028582 -0.5023983411671569 0.38934845772638865 -0.7720127494145232 0 0 0 0 0 0
3.712725897035204 -0.015139516595794144 -10.265233826554153 -0.2593669607715304 0.9516461683255898 -0.16461576465017727 -0.7633744047583464 -0.28251326193365256 -0.5809008305997228 0 0 0 0 0 0
-2.2808133499056398 1.0505507181450153 -11.565529353987788 -0.047337434759643554 0.8747271825540854 -0.48229816853412183 -0.7868963830207432 -0.3132948882663946 -0.5316393470906937 0 0 0 0 0 0
-6.794757132390752 2.2615400521537543 -10.897044858812693 0.3911105921440124 -0.11429841941668034 -0.9132186901457988 -0.8242387307538064 0.4192113064414294 -0.380647337146898 0 0 0 0 0 0
-8.393650385386614 2.6365442320780956 -13.250136336650607 0.2533111737243217 0.8181344487689503 -0.5162261839580907 -0.8353689302435143 -0.08399985792995283 -0.5432336276884507 0 0 0 0 0 0
-11.641359170380877 3.9415805084199773 -12.60028813355145 0.3340867595651286 0.7489417946908656 -0.5722518896853878 -0.9383889961007178 0.178196491787614 -0.29609475225284515 0 0 0 0 0 0
-13.317623351900334 6.947863023446897 -10.348063015444822 0.9153905048828171 0.37490132005499066 0.14666023248108717 0.0913013720037094 -0.5597026479376399 0.8236485933708831 0 0 0 0 0 0
-11.2776647234458 6.170758478871277 -9.4399861400596 -0.5260374039854934 -0.8024606650419547 0.28167628701867437 0.5921079378985062 -0.12378368461290194 0.7962950391037433 0 0 0 0 0 0
-12.665357412193952 6.315086631376223 -4.582316708287738 0.8622287133293373 -0.37834784749030564 -0.3367707710147778 0.19787890036062986 -0.3277265689509508 0.9238177508554951 0 0 0 0 0 0
-10.605276927353756 5.122114214064889 -3.239960227478819 -0.2673016799703339 -0.945910225493605 0.18385770908959587 0.6410953312711107 -0.048307768961422165 0.7659393812047757 0 0 0 0 0 0
-9.833516608433944 2.687439557176557 2.597954413821729 -0.07203668890768206 -0.9847103014863894 -0.15860749540233632 0.5444933919578836 -0.1887971511012372 0.8172408346688601 0 0 0 0 0 0
-7.643720484270246 -0.5816216172214438 6.253029189682125 0.5978573319175323 0.6545029982384113 0.462809286822747 0.5078504025025784 -0.7416047305130604 0.43830399537150017 0 0 0 0 0 0
-3.197080979963627 -1.2043482604447202 5.539390127871387 -0.3397388383785963 0.008588925788769908 0.9404805963181574 0.8980499183538225 -0.2987155573489402 0.32291695517950875 0 0 0 0 0 0
-2.1284606668827784 -2.062348859392654 7.78266195794415 0.6963620835074691 0.6224285549767293 0.35729895410246737 0.46969851567016424 -0.7604738953648782 0.4484002217281042 0 0 0 0 0 0
2.7814709190404874 -2.9695852229303488 6.9757922800029055 -0.4296892719122928 -0.31417939224593633 0.8465568138592103 0.9069326504462902 -0.11509562598074019 0.40524827505440253 0 0 0 0 0 0
4.215018850436225 -4.279081895189863 8.994161697116619 0.02375876357091256 0.4873713019790658 0.8728715456244474 0.7249563031358184 -0.6085878882822368 0.32258199078655236 0 0 0 0 0 0
8.370606921812993 -3.58651651492298 8.919466231340307 -0.4644136775192269 -0.052468868900174 0.8840627545199513 0.8937948292781351 -0.06630368573449343 0.44354777015975494 0 0 0 0 0 0
9.236162982036134 -3.9685301652331524 11.373577754996866 0.5093405141536206 0.7933845187870107 0.33333653563752785 0.5419759264042232 -0.592224053106246 0.596265684171657 0 0 0 0 0 0
13.711371907679625 -4.315989790650234 11.085537589966151 -0.3715079382013601 0.1855618549152012 0.9096970099180299 0.9300250502682593 -0.026167322825379955 0.36656333298582117 0 0 0 0 0 0
16.6776679341194 -1.4392038002155492 9.68684743877891 -0.9319884566913127 0.30446738380170524 0.19671585801630315 -0.18783841209862956 -0.0033324032203777536 -0.9821942913848777 0 0 0 0 0 0
14.473409641958987 -1.218851005881522 8.547984878435663 0.05323900188351966 -0.811290746093045 -0.5822138215314346 -0.5777573539075592 0.43233695528919713 -0.6923013773617687 0 0 0 0 0 0
13.620716842263695 -0.43077397057010586 2.330045277839879 -0.19354907603134805 -0.9246053418218961 -0.32809101944708274 -0.4970454791475588 0.365008333757294 -0.7872196059211798 0 0 0 0 0 0
11.001809446550766 -0.9131678818418274 -2.338818646881659 -0.3669387149633351 0.9279850461850351 -0.06480535099831362 -0.6566823197181696 -0.28697920415930345 -0.6974319087550098 0 0 0 0 0 0
6.501364790215686 -0.6168312913192914 -1.7299904910273207 0.404973490278933 0.36267546137725365 -0.8393229306328376 -0.9128002942824265 0.14083693748249873 -0.3833543788695602 0 0 0 0 0 0
5.393039346627663 0.03601137112027869 -4.06906989297637 -0.4666450798658384 0.8830750361582997 0.049202133602344635 -0.621745842262957 -0.2768591134022342 -0.732653491737298 0 0 0 0 0 0
0.35417761627878624 0.039980401934244646 -3.4175702214581865 0.37399484285816653 0.04380362158177205 -0.9263957578982194 -0.9031808397899813 0.2563787664307056 -0.3442881042960006 0 0 0 0 0 0
-1.3132919171858177 0.20849633671737253 -5.816782614001431 0.18006773551230681 0.8523509005052718 -0.4909924164743504 -0.804086142098049 -0.15786627828207153 -0.5731698825542421 0 0 0 0 0 0
-6.542571502028052 2.45522790427357 -7.3168533999924605 0.11354440180983033 0.9391499842215232 -0.3241989758687719 -0.7792989922397165 -0.11267836465829598 -0.6164386967347965 0 0 0 0 0 0
-10.845458188214097 4.206015633892745 -6.609145712688609 0.4468921160904773 -0.01993206418073681 -0.8943657805359451 -0.6866735925083661 0.6361481283166435 -0.3518450457103034 0 0 0 0 0 0
-11.871080514122768 5.285596482420476 -9.099028557141038 0.5493151448950766 0.7785367401756604 -0.3035348674955764 -0.6742605635132141 0.21289364345541953 -0.7071414208396506 0 0 0 0 0 0
-14.954318629549757 7.714680226001313 -8.48635339380117 0.5596816020023789 0.22757418024393572 -0.7968478505124748 -0.6856849567692258 0.6720030911980502 -0.2797284137885352 0 0 0 0 0 0
-14.501950084211847 8.749038272956495 -4.364256539265386 -0.4059073037586397 -0.8755739388753371 -0.2619342251744108 0.36294910125386926 -0.4141706936623249 0.8347038914550938 0 0 0 0 0 0
-13.644907589692371 4.880596066665297 -0.8932253285019498 0.7523494823267982 0.49876977812406886 0.43034749316414744 0.32349817364878247 -0.8292903480684121 0.4556604549952455 0 0 0 0 0 0
-9.527655538789372 3.251184409856465 -1.6607217334788253 -0.28896709314441116 0.14564989762658065 0.9461945499742829 0.8310065297246177 -0.4478554464800551 0.32992976012054215 0 0 0 0 0 0
-8.444267891078434 2.3260469737032223 0.6511597558525934 0.8212676519416312 0.5227591214034983 0.22856584360687435 0.37143409077827416 -0.7857479786260516 0.49460775397560325 0 0 0 0 0 0
-3.7636038099538154 1.0957565606663493 -0.09980877653985219 -0.4051194376953055 -0.16094027080884368 0.8999869279236313 0.9039415619618941 -0.22435778079833113 0.3640786161712041 0 0 0 0 0 0
-2.866049183435017 -0.022445033798960522 2.090521704591935 0.5851492878998505 0.6294416380472171 0.5112763784517471 0.4611338808507102 -0.7742381157009229 0.4334868903755307 0 0 0 0 0 0
1.6346705436621654 -0.6554824523361594 1.42281941192527 -0.3245094297559669 0.08217057085277575 0.942306546345289 0.9285275989018497 -0.1842914493907097 0.3222935924883355 0 0 0 0 0 0
3.052370166539812 -1.5996819241001794 3.640880507350201 0.24650995320590735 0.7197558328998698 0.6489871986233904 0.5964523719350535 -0.6386731724035783 0.4861493051162345 0 0 0 0 0 0
7.7262693604991135 -1.8625733228423287 3.1211486563653703 -0.45869084509266117 -0.2454678521823548 0.8540188769419338 0.8875958678359941 -0.054039074348656305 0.45744218634053535 0 0 0 0 0 0
9.217621059915638 -2.9237099842896894 5.441469440084096 -0.11608929713513408 0.6142418079333098 0.7805320470534759 0.7157268749807333 -0.48838652376149116 0.49921302450805544 0 0 0 0 0 0
13.17727501939688 -1.783949189259394 5.440680981292474 -0.45758537753840467 -0.009826441819219793 0.8891113897055921 0.8825884056469734 0.12239817032216162 0.453934350010352 0 0 0 0 0 0
14.54328560473829 -2.0979760755956143 7.87936887323092 -0.09236765277958184 0.7883588457048417 0.6082421780170463 0.7029382365964425 -0.3643226592587166 0.6108574592172391 0 0 0 0 0 0
19.023578254874614 -0.5306313343005424 7.8466923714898895 -0.15863870565338412 -0.7128018083347022 0.6831890976174878 0.7105009437650524 0.38079086293008474 0.5917657709076551 0 0 0 0 0 0
18.849633296717375 -1.2652088117489002 8.593089234887161 0.18623696875585674 0.6835278353367055 -0.7057658887963826 -0.8221382958831648 -0.2806173930467826 -0.49532060441894954 0 0 0 0 0 0
17.486255919832132 -1.199880117187696 6.181250083067668 -0.5657250979139646 0.8186290990434544 -0.09900258476190156 -0.4945434759352937 -0.4043759215776719 -0.7693548365078665 0 0 0 0 0 0
12.664763978731866 -1.7674014250167365 6.471561125610113 0.45682698024730223 -0.0393828310102106 -0.888683353472851 -0.8860051487323045 0.056415408461666504 -0.4602305705925568 0 0 0 0 0 0
12.124850395639111 -1.4571923061249703 3.975694291484465 -0.6507385449363603 0.75458056222727 0.08454301415779807 -0.4754846718204483 -0.307232331675602 -0.8243316209129513 0 0 0 0 0 0
7.206950225255629 -2.1234529538742137 4.131818215747947 0.455487953312477 0.1995817078074488 -0.8675816193856765 -0.8846247698775105 0.2258564280584226 -0.40795574566839027 0 0 0 0 0 0
6.20351508357987 -1.5161430601117516 1.690080998909162 -0.2936394817892293 0.9555697372386629 -0.02573581178407996 -0.6639274816051387 -0.21787230802648988 -0.7153544272349676 0 0 0 0 0 0
1.2838530381002127 -0.5413385768507056 2.533274362494035 0.3035185777775074 -0.13145289667426574 -0.9437142623166527 -0.8753183102672505 0.3616110983303586 -0.32102222551592446 0 0 0 0 0 0
0.10657966698428602 -0.39152386429530345 0.1082700427249585 -0.07422643032255835 0.9676128003428768 -0.24127972491319388 -0.7334559867462417 -0.21495027380120058 -0.6448555615786267 0 0 0 0 0 0
-4.213454311073622 0.9327291059551859 0.9622583669729792 0.38938924078560244 0.10462607379395467 -0.9151116892723391 -0.8609395941480521 0.39732202511127884 -0.3176762874211099 0 0 0 0 0 0
-5.800876767750457 1.243896073938753 -1.3722673348954249 0.23241882981948597 0.8492339695082348 -0.47411301667284705 -0.7732532838754359 -0.12947130369234142 -0.6207387054921418 0 0 0 0 0 0
-9.826790569402347 3.437411467837208 -0.5563186553319153 0.25621099910103645 -0.19094156842345036 -0.9475743988667283 -0.7263173388950576 0.6045619181830117 -0.32705964334243326 0 0 0 0 0 0
-10.914831913384486 4.055982657769399 -2.9963482384335305 0.30062097527679615 0.9278835069955396 -0.2205883647640698 -0.748274177411036 0.10319421399790311 -0.6553142067872423 0 0 0 0 0 0
-14.948530185682085 7.816484351128242 -4.615779613697836 0.44423539911127624 0.8653835867902874 0.23187530677159715 -0.4950885908565094 0.4552099767120551 -0.7400480824281123 0 0 0 0 0 0
-14.336810848968133 7.990650704850504 -9.372120863303895 -0.5715684231550413 -0.2514305765853282 0.781083992160913 0.7530476467918336 -0.5409911597425866 0.37449673795862765 0 0 0 0 0 0
-14.217365690856164 7.021280593068832 -6.99248949936341 0.8858652811696063 0.4010813176012998 0.23318765037947384 0.17767253577092368 -0.7402668231729681 0.6484115209819542 0 0 0 0 0 0
-10.324484709332697 4.211915522567832 -7.648063275156019 -0.46933941355945813 -0.01295268770101038 0.8829228407743137 0.7737239393039964 -0.49129537080781593 0.39997515469178363 0 0 0 0 0 0
-9.49775614360709 3.041369860125887 -5.149101010287266 0.6681002752270137 0.653922658757705 0.35500306844426366 0.4368024856338329 -0.7260266067967889 0.5311204710489383 0 0 0 0 0 0
-4.053962736129348 1.4057430230931944 -3.689670057039727 0.7385101397920469 0.6420264042095959 0.2059244272106344 0.43548047465650097 -0.6835630803357797 0.5857459102672496 0 0 0 0 0 0
0.7772047101772911 0.11703124663287467 -4.502622708663276 -0.37628203435985347 -0.08961883407991854 0.9221606666932645 0.9276786720130092 -0.08129773685239655 0.36442140370024656 0 0 0 0 0 0
2.33003621799413 -0.7874671962629085 -2.2079718441970932 0.0451531765152112 0.7148424303228377 0.69782626094231 0.6886421307713655 -0.5254119292345885 0.49971423868513226 0 0 0 0 0 0
6.94905972909818 -0.16409000531014037 -2.6997902283249813 -0.39570982031772983 -0.42270171639402687 0.8153140481198969 0.8924053469069436 0.021226740550682417 0.45073509104294457 0 0 0 0 0 0
7.994174592310675 -1.1519608152898837 -0.35028573300039245 0.16311373792287737 0.7925465945518432 0.5875915281597441 0.6431218741795471 -0.5265868882737014 0.5559680782652966 0 0 0 0 0 0
13.424328658764425 -1.444198965730253 1.9344119470090269 0.14802547174633826 0.9189702020340926 0.3654890251261902 0.639835138070342 -0.3535275895601655 0.6823703096635182 0 0 0 0 0 0
16.847600624691967 -0.32842603518120844 6.072142041518662 0.6022755473588809 -0.7949429169615388 0.07300632730277949 0.37957552252816246 0.33554184757313305 0.8621682499516441 0 0 0 0 0 0
15.647381325107101 -1.1281741292072072 9.88240307675571 0.9449299770268105 -0.2609490231267598 -0.19751695077967654 0.134665863412596 -0.16931645431908673 0.9763181057053857 0 0 0 0 0 0
13.319498870611758 -4.089242430519703 12.11364028688905 0.35870643164667804 -0.22390876960064027 -0.906197858522759 -0.8967755434822478 0.20331523134076301 -0.39300959443373806 0 0 0 0 0 0
12.380275676494932 -4.141339650444473 9.483044583245954 0.0418028529814546 0.9665701285945879 -0.2529717533465993 -0.634127888258708 -0.16201765333318804 -0.7560635564163626 0 0 0 0 0 0
7.8484519927699 -3.629564636319143 9.955225515202475 0.4601423309133683 0.01808835548053966 -0.8876608849654365 -0.8717666718593524 0.23941729929214262 -0.4274368101075581 0 0 0 0 0 0
7.315827462865881 -2.902947486762924 7.543251670882539 -0.5434487604419412 0.8101760122249195 0.21972317581321438 -0.556366120951704 -0.14499325834744836 -0.8181892779124791 0 0 0 0 0 0
2.3013343368599455 -3.3129755006046486 7.977440818184061 0.42586844177011035 0.2637904151694746 -0.8654771442210443 -0.8940358651050139 0.29521310567814013 -0.33697046479149595 0 0 0 0 0 0
0.7159538763191556 -2.674141247726555 5.550102076462477 0.18399156842794345 0.9451427533190009 -0.26991161256234186 -0.7599275816086128 -0.03452185019561803 -0.64909037319125 0 0 0 0 0 0
-3.561546832235341 -1.1720302767469897 6.637901463756304 0.3141988413156812 -0.06764564817570545 -0.9469441136618212 -0.8281543539492938 0.4682425854117937 -0.30807344455779834 0 0 0 0 0 0
-4.6570186777792735 -0.6484202960182358 4.195196208474015 0.08952309040828979 0.9851609580949531 -0.14643600284487124 -0.725979473055086 -0.02503013722516792 -0.6872607197659043 0 0 0 0 0 0
-9.925886954308531 1.5800974509801713 2.4473437184122906 0.1105911471378454 0.9856262260573935 0.12771272717546697 -0.6828435600381819 0.18617271975317495 -0.7064448958935775 0 0 0 0 0 0
-12.778559608012268 5.417359943714964 -0.425079155552202 -0.7851487283777389 -0.4825970392228252 -0.38812571682405006 -0.230248602724925 0.7826575253810847 -0.5783016331531292 0 0 0 0 0 0
-11.694933563681452 5.856877388440562 -4.955946765403184 -0.8406707558535759 0.4201871645657292 0.34163639587548333 -0.2742977422535995 0.18343253046686983 -0.9439879529745593 0 0 0 0 0 0
-13.223874255286136 7.4380934881582235 -6.74398619531626 -0.9042930127497674 -0.37629474247986444 -0.201634356878885 -0.113408771162789 0.6537176038412188 -0.7481923182253621 0 0 0 0 0 0
-12.317455392433036 7.338905067314185 -10.182947109062116 -0.9230602328631136 -0.35933693723079907 -0.1372471203642663 -0.029499263699530338 0.4382291179918084 -0.8983791146199399 0 0 0 0 0 0
-11.293940667286735 4.773063239673634 -13.22393389210601 -0.3293484441566118 -0.7642215808737028 0.5545222968091703 0.9037162234970563 -0.07417543790083761 0.42165743418139523 0 0 0 0 0 0
-10.920248260941008 3.9515741779239026 -10.993943276062696 0.7279007127381544 0.6856389539784705 0.007731570512878729 0.5212853486787768 -0.5539977147019066 0.649113331674763 0 0 0 0 0 0
-6.348722504924512 2.159690189949674 -11.952946278591295 -0.405750528627837 0.07365009862777645 0.9110116198437589 0.8803455245198597 -0.2687218692249934 0.39087122490416043 0 0 0 0 0 0
-5.215740663192729 1.5809312309570622 -9.47301272388631 0.5881341993454295 0.774408731393001 0.2332150944998917 0.5556024182164329 -0.589962426037953 0.5858756597909361 0 0 0 0 0 0
0.8700873032061541 0.43230434232981413 -8.02670807765959 0.3287596634943176 0.8388816939095997 0.4338140007911961 0.6243386977503588 -0.5259799103021822 0.5775346954511863 0 0 0 0 0 0
6.430601424943601 -0.5397018990209044 -6.243446255759505 0.3337190830963367 0.9043036638003485 0.26620754537504465 0.6393881928449782 -0.406829719247029 0.6524356814183424 0 0 0 0 0 0
10.556532861529215 0.12415949076047925 -2.4043676341093465 0.3994737375414275 -0.9162397063466701 0.030422582540780577 0.5445703463461316 0.24349384492225845 0.8025919793802013 0 0 0 0 0 0
9.34699586207891 -0.7184668535225591 2.025301784738076 0.9589644211388696 0.1208715247679706 -0.2564708823435103 0.27311060106120755 -0.2828420937577097 0.9194623154794006 0 0 0 0 0 0
11.366536961525997 -0.6140877048865785 4.068514581657035 0.6753904733060113 -0.7301403361508642 -0.10364747026814033 0.37877876217959083 0.21295841022565476 0.9006527437563595 0 0 0 0 0 0
10.189052495648083 -2.8405862219620803 8.022312870478183 0.917221038360668 0.38956983159900777 -0.08331214255136234 0.25255350381998914 -0.44968085802534935 0.8567402486365587 0 0 0 0 0 0
12.396372380789648 -3.0437758458087933 9.199914513309993 -0.005895685954187959 -0.9737850903500067 0.227393576644458 0.5016410699650702 0.18166998945648583 0.8457849915050395 0 0 0 0 0 0
11.251618869383586 -3.757359139691853 12.998207763226505 0.4704926583499685 -0.8377514077854098 -0.2771447946333177 0.23426282356180228 -0.17729464871639158 0.9558700419164643 0 0 0 0 0 0
8.9427230998052 -6.687678148262241 14.378759043430152 -0.09533597552888319 -0.5622193411272003 -0.8214745670028093 -0.7915374802073333 0.5423969168243253 -0.28155639230266316 0 0 0 0 0 0
8.188288712710502 -6.346343604213822 12.11835180561785 -0.23355522502625783 0.9177173184404994 0.3213205257952143 -0.7371051949300103 0.058522288996307174 -0.6732392392736954 0 0 0 0 0 0
3.3286978054769603 -5.74554094531785 13.313121907553292 0.36828234500173646 0.16265443453469897 -0.9153751412870131 -0.8913365051675493 0.3572405369801714 -0.2791029080712312 0 0 0 0 0 0
2.1196952582795197 -4.881517096897762 10.96641674132124 -0.05938886447569958 0.9936051252532956 0.09603029650412258 -0.727442528223625 0.034410629384771727 -0.6853052434623308 0 0 0 0 0 0
-2.7431410096507 -2.768742448680857 10.239556011269928 -0.8096654460846937 0.2658358762412368 0.5232333631559897 -0.4818130187909055 0.2614440274522661 -0.836363100234063 0 0 0 0 0 0
-6.945210007104882 0.15185599440616704 6.769511334491447 -0.622582790506738 -0.6524220927737293 -0.4321297048637022 -0.4122638964968174 0.7260039027272754 -0.5504151277626971 0 0 0 0 0 0
-5.655551585729299 1.1753488336659639 2.417223361848883 -0.9016535944591407 0.26932659689849836 0.33835481347541824 -0.26261537900587606 0.28181185082628374 -0.9228300187160495 0 0 0 0 0 0
-7.480904192812747 2.9061362548904213 0.9043776264494184 -0.8419989382660477 -0.5047473855334291 -0.19044123701555904 -0.2993577210012674 0.7233750320005659 -0.6221844726084923 0 0 0 0 0 0
-6.716818383495709 2.5479196092965544 -3.6846888472021457 -0.8133394563100199 0.4875195286620539 0.3174958865598893 -0.3396313731263406 0.0211790122446152 -0.940320147518205 0 0 0 0 0 0
-8.70493036570758 3.775625299333625 -4.746954935137666 -0.6984807226927349 -0.6392309276757977 -0.32172737081164493 -0.33077922251209985 0.6807269772620348 -0.653602240190457 0 0 0 0 0 0
-7.833749944910157 3.880927195615703 -9.398848824883205 -0.8870130087003637 0.252806723811331 0.3863892891788152 -0.3905693864775517 -0.021585520685387757 -0.9203203896705155 0 0 0 0 0 0
-10.088481369710523 4.708803162713546 -10.98575718141582 -0.7416806900555024 -0.6707084983554588 0.007737197978537897 -0.45246858382591054 0.48706798402198065 -0.7470187143514804 0 0 0 0 0 0
-9.489599971985193 4.1700208919274395 -14.977415269091834 -0.9421440540240945 -0.13924325179554226 0.30491949477927327 -0.3000282255448591 0.061350036972821584 -0.9519554804925683 0 0 0 0 0 0
-8.627178461930033 0.8653251082779844 -16.637323807655697 -0.06564255606429924 -0.16065573365729283 0.9848252586506818 0.9940990814599218 0.08517889144699894 0.06716824169501663 0 0 0 0 0 0
-7.225889988646104 1.0631207115661778 -14.6046386821963 0.5573822457355684 0.7784480600885618 -0.28869300283022004 0.7662592916518384 -0.31001197961649657 0.5627959403296046 0 0 0 0 0 0
-1.2444606012884234 0.11803783398301741 -13.709585743141437 0.38421355466247015 0.9231073070242721 0.015901073297899936 0.7072448557656118 -0.2850725163444948 0.64694541842268 0 0 0 0 0 0
3.3900829856810093 1.056026708331284 -10.442575364236141 0.28614298181516623 -0.9493459477803816 0.12986325650812255 0.6584699134535537 0.2700023734313086 0.7025070045330009 0 0 0 0 0 0
2.5002412756502674 1.0370272695727185 -5.899394799593469 0.9421872329920709 -0.07162341296888876 -0.3273427938743014 0.3116347858767695 -0.18497356441180443 0.9320238949191872 0 0 0 0 0 0
4.828868906235169 1.0415794149953246 -4.013902731736559 0.4942843671720306 -0.8662042046783776 -0.073302388548018 0.5110115469763843 0.21177980348837194 0.8330765353142706 0 0 0 0 0 0
3.6537614059507306 -0.03131607697703694 -0.16644986200464956 0.9154155682601753 -0.2909881671710332 -0.2781011038333773 0.21698417919533652 -0.2038530924409461 0.9546527026522207 0 0 0 0 0 0
5.8338902836166335 -0.41727537923079056 1.6621233516677323 0.3255699291807186 -0.945516499915134 -0.0016642119745699474 0.5481238876096319 0.18250463961334631 0.816242770474144 0 0 0 0 0 0
4.505036032189635 -1.5506049771069654 6.020766673932196 0.9593383187360567 0.037625797247277666 -0.2797396818225526 0.2602609851437583 -0.4377540662142026 0.8606018807351817 0 0 0 0 0 0
6.660707006380799 -1.9875875465425037 7.797777473699641 0.5706427559807226 -0.7852258210078029 -0.24038979818067852 0.4461811101488108 0.04685202457380157 0.8937154495362104 0 0 0 0 0 0
5.502300628763 -4.732723065416201 11.380017641372797 0.9494547732028896 0.27932961332378214 -0.14321522531712827 0.2961288000604737 -0.6605513910945698 0.6899127433942445 0 0 0 0 0 0
7.908435617506084 -5.323900753108759 12.482001900228278 0.25395758697562043 -0.9047619630957245 -0.3419229944778371 0.6423381545562744 -0.11716822062432736 0.7574122413038812 0 0 0 0 0 0
7.1586849649321245 -7.18464465628745 16.033783326624544 0.7039817308178903 -0.383845240802029 -0.5975554817657351 0.29711950547228644 -0.6050584466590846 0.7386638447862461 0 0 0 0 0 0
2.862352937159731 -9.072976559601196 14.249860496858984 0.4397913218311672 0.8276613125355422 -0.3486550515537358 -0.9031251712825097 0.41125593169899 -0.12342399944230181 0 0 0 0 0 0
-0.18215395606777313 -4.978073605497993 13.549887792435335 -0.5798294536108595 -0.578404359663972 -0.5737997921287902 -0.5231105915052107 0.7875543475421445 -0.32575060816909557 0 0 0 0 0 0
0.8161259498217057 -2.8911332419487272 9.61813839304536 -0.9414935688553788 0.016722199236699927 0.3366158461163854 -0.31011829989220224 0.4005630310700121 -0.8621924948710553 0 0 0 0 0 0
-1.3063523561277908 -1.360701397156307 8.189490408596644 -0.718419801871284 -0.6133302984101278 -0.32817515648106105 -0.3692324763391231 0.7233652952845684 -0.5834466796497758 0 0 0 0 0 0
-0.135665126655786 -0.862928243535686 3.700268004431644 -0.832758488099371 0.39856108388720096 0.3842686077590901 -0.286554341238809 0.2703700696807993 -0.9191227529214975 0 0 0 0 0 0
-2.1630783496946657 0.6967495988319112 2.6791895920382505 -0.6123645465237468 -0.6255408025830821 -0.4834339318505472 -0.354847792441831 0.7611503029362473 -0.542893415450232 0 0 0 0 0 0
-1.190892044762903 1.0204846485360537 -1.7779475945729615 -0.9491156877649675 0.1079087458553741 0.2958633363672375 -0.2743080277903887 0.12515845817828633 -0.9534623570105856 0 0 0 0 0 0
-3.172873517706578 2.131786927311717 -3.460124996590725 -0.76555162952351 -0.6209900512004634 -0.1682321575797697 -0.34657708906940415 0.6154782319842937 -0.70786359369985 0 0 0 0 0 0
-2.3192146536751754 1.4632560665165248 -8.033547453450753 -0.8344405977905816 0.4615254422059252 0.30116964481089753 -0.3575244452470906 -0.050566562455145826 -0.9325338030399917 0 0 0 0 0 0
-4.515613276036212 2.450899048734351 -9.216229273427077 -0.6197676698953738 -0.7600454835033255 -0.19549654308620198 -0.44851889034519354 0.5396735826300788 -0.7124487555008653 0 0 0 0 0 0
-3.9834569558092605 1.8135095449679752 -13.779717517101199 -0.8847820426463076 0.1795367247235873 0.43003174474235545 -0.47925260059692987 -0.2911644179795851 -0.8279735663194141 0 0 0 0 0 0
-6.59663150375183 1.9065036520019185 -14.929882535964381 -0.5701976105066799 -0.7588443090312303 0.3146903233710677 -0.711452711483462 0.2322634486585643 -0.6632410796535905 0 0 0 0 0 0
-7.319639473330553 -0.8030547966568102 -18.9187918256396 -0.34098510356788275 0.8613287069934668 -0.37661919448398157 -0.7848109027734026 -0.4491049340124929 -0.42705574007807356 0 0 0 0 0 0
