t = 0
b = 68.0 68.0 68.0
E = 0.0 0.0 0.0
15.685581206168552 -7.318327113129552 17.473543583113848 -0.7827779605976475 0.32257682784131375 0.5321680698260873 -0.2745411505999894 0.5759675994344573 -0.7699925201123337 0 0 0 0 0 0
14.12932884050802 -0.07441819610762615 9.334516505220357 0.7025215289339314 0.5676765812830644 0.4291931971118644 -0.3581550524148049 0.7993183957915752 -0.4825091300472263 0 0 0 0 0 0
11.02339746974385 4.634481006718117 7.085676540230104 0.0741485667550368 0.7875331795538338 0.611795293501023 -0.42866992539251575 0.5790049631648279 -0.6935382813475196 0 0 0 0 0 0
9.884432839113206 7.35129669184172 4.52244123108687 -0.2613686327253593 0.6243231428875341 0.7361433631313319 -0.5352328302544966 0.5386054430994465 -0.6507149868271132 0 0 0 0 0 0
4.713381525239702 11.86511821256173 -0.13945778053604496 -0.04410982492248388 0.8254059695743304 0.5628137424906815 -0.8691328818891688 0.23221465478977432 -0.4366742352370862 0 0 0 0 0 0
-2.086172556234572 14.18078705371004 -6.665425056380279 -0.4261700458409995 -0.5130212679921745 0.7451095695369788 -0.8115140577496959 -0.13410484409941284 -0.5687361645470557 0 0 0 0 0 0
-6.713096636290391 13.146538660196681 -8.430655378385799 -0.4074020274528434 0.7406627746601818 0.5342679498715915 -0.9167560204190157 -0.2823185623726685 -0.2825856124527913 0 0 0 0 0 0
-11.776818577035028 11.568504257102072 -7.915733267663629 0.18115575046056667 -0.9412600069855089 0.28497753126291997 -0.8147429584487235 -0.3065794581791224 -0.49214118653168776 0 0 0 0 0 0
-17.95676870407379 9.472422475002883 -5.31365736837189 -0.5659375238416308 -0.6474501399399161 -0.5104145720880102 -0.2966347368059238 -0.4029880580945296 0.8657993173670676 0 0 0 0 0 0
-16.596299888695558 4.841648192091614 1.6162473045121217 0.22822128353367538 0.9061654586902973 0.3560606791248436 0.17648427715009476 -0.39254642049512944 0.9026409073797118 0 0 0 0 0 0
-18.272967600544376 3.2962787614178612 9.361926010138156 -0.20872885474297947 -0.9105202921250187 -0.356910440903954 -0.06250781860384312 -0.3647418547422968 0.9290081549763373 0 0 0 0 0 0
-12.000855323351619 0.37136799200410175 6.926714476169903 0.7192533101387124 -0.4103037545451854 0.5606473979790055 0.48792650746945804 -0.2965174184544049 -0.8209781628410053 0 0 0 0 0 0
-8.255679656407857 0.46717667959147524 4.548997970995836 -0.8058618344646763 -0.502141137494557 -0.31375305861281916 0.5491916961129323 -0.5670776773756713 -0.6138496466911215 0 0 0 0 0 0
-6.869710474346891 -4.98201648336332 -0.4489185601388168 -0.38035200834013216 0.5658097485263076 -0.7315679587189591 0.3808625599423947 -0.6159548794713181 -0.6895964739538621 0 0 0 0 0 0
-3.7426283824908393 -4.990508422645526 -3.718468967613677 0.7206115956380673 -0.3194945719658405 0.6153390502124199 0.5421862379973172 -0.3455769221538261 -0.7659051339434962 0 0 0 0 0 0
-1.4045294599783948 -6.893682276010135 -6.242751317088537 0.7547791345674073 0.04786170124547026 0.6542306287354368 0.6648249170708187 -0.28479688096636785 -0.6905784287346424 0 0 0 0 0 0
4.328239665378347 -9.028178796341557 -7.310039637282463 0.27167043211675435 0.32863335368620267 -0.9045414833817492 0.9277804631090226 -0.2972324951030338 0.22555765588432694 0 0 0 0 0 0
7.572692109562759 -8.909735247104143 -5.991400272325561 0.577739903907539 -0.0476223404734431 -0.8148304830581261 0.7717854258942706 -0.09900130819089983 0.628128965542658 0 0 0 0 0 0
11.242987279694287 -11.401232987925143 -4.285627218246462 -0.5917515161175019 0.34682731650202103 0.7276956477131391 0.7630441203680011 0.12863785654804413 0.6334161130209337 0 0 0 0 0 0
13.766624076408613 -10.985245829271904 -0.6735198591273339 -0.8315027474769469 0.16334977588123623 0.5309614220052513 0.5193463335138825 0.1881716061308586 0.8335891269155448 0 0 0 0 0 0
14.3048986901099 -8.213623414662337 3.2510036132704214 0.875443651730235 -0.4492627021105045 -0.1782173873043798 0.12837809469723568 -0.11627748311722068 0.9848850753879013 0 0 0 0 0 0
15.21330814715724 -10.564736499970701 5.4427408534077415 0.9706006923978694 -0.11956209599446094 -0.2088999787414728 0.18975563776020427 -0.08351344382330915 0.9782731227213539 0 0 0 0 0 0
16.827155520200005 -9.999632773960265 8.098693097131063 -0.06893310219344616 -0.9797862792524223 0.18779529922413452 0.2481429438796967 0.17589739016474865 0.952620169603787 0 0 0 0 0 0
16.031262964095014 -7.087728211788371 13.647244390269366 -0.17479405601217532 0.3886049722080197 0.9046729870831872 -0.45610517812749424 0.8037329320246956 -0.38207517645650935 0 0 0 0 0 0
13.821469200866861 -4.087724001034708 14.44008471681261 0.5324729362226587 0.6733449055995381 0.5129124782002966 -0.43434945778523626 0.7438028839660218 -0.5080332846630229 0 0 0 0 0 0
12.555109134726559 1.3414177272158023 11.705120276864413 -0.5880816404416277 -0.5648443363786574 -0.5788876055301567 -0.05932794216989255 0.7388613859104352 -0.6712406779154529 0 0 0 0 0 0
12.589332039188212 7.5997330127322815 2.3997842141103183 -0.991796458554046 -0.003097130085529428 0.12778964193112793 -0.10667034882344212 0.25873750617843194 -0.9600397593737725 0 0 0 0 0 0
11.524262347445152 8.442518704984279 -3.472271296298775 0.8942002700658452 -0.3333888347911044 0.29876037530234717 0.23553625903896136 -0.17252349293237132 -0.9564299844025935 0 0 0 0 0 0
12.015490768035255 5.544701068491102 -10.48652937349294 -0.7549577224775599 -0.542741451121482 0.3680632479697528 0.21636740888395456 -0.7679145910497436 -0.6029032469855745 0 0 0 0 0 0
11.637208367557403 2.175342536811869 -12.72685961019721 -0.5341337244879162 -0.3154695242573827 0.7843342040415473 -0.05877265779693799 -0.9114584716677511 -0.40717223520344725 0 0 0 0 0 0
11.454107791153783 -2.817362976914632 -11.948354486328258 0.5577577793203882 -0.19677589843964735 -0.8063408121885304 -0.6131841908368107 -0.740926850598049 -0.27392070051506123 0 0 0 0 0 0
9.611778536593333 -6.011878943477753 -12.810362849413389 0.2649000694822716 -0.0885362942209507 -0.9602027274455686 -0.6957445654318363 -0.7021244603683461 -0.15152802323175726 0 0 0 0 0 0
5.874930940093013 -6.6483563794716325 -14.849260258826648 0.4851939793563092 -0.8065389662883856 0.33775982332842924 -0.7595554531668682 -0.5736933992292456 -0.3065149217334565 0 0 0 0 0 0
-0.7169840326546858 -8.157052375920665 -16.306522142442034 -0.10629237910963266 -0.9240874161698208 -0.3671026796685072 -0.89236199131818 0.25584839516066304 -0.3717952059190189 0 0 0 0 0 0
-6.458998555293924 -6.575302158076564 -17.311932795630376 0.5586169481593989 0.7938768491875539 0.24022209214208676 -0.8204474244129917 0.5620121772917024 0.1049206192791877 0 0 0 0 0 0
-11.775928845442087 -3.814362907063363 -15.222963586442939 0.6709910770224696 0.4781932765429917 0.5666587728300905 -0.6973267935758478 0.6673506272549092 0.26149279772817124 0 0 0 0 0 0
-13.928747079750522 1.265905481533784 -13.261778740497753 -0.6316528711567527 0.04553118730236697 -0.7739131484490153 -0.27448754128032826 0.9255041847898179 0.26095707236711313 0 0 0 0 0 0
-13.67342417741258 5.7595125311886815 -14.40965881005827 -0.2684427568344546 -0.2601266359064811 0.9275088245375862 -0.23120535847070367 0.9502007637345411 0.20895595424090757 0 0 0 0 0 0
-10.921966884632779 12.119724576328668 -11.309547333955015 -0.41194560031891 -0.19637273518084294 0.8897969269757495 0.5797164950719946 0.6857769842300923 0.44004399012112616 0 0 0 0 0 0
-7.162018743712842 13.968693129979997 -7.844455199594418 0.409837774938153 -0.7420654976402353 -0.5304449033082453 0.8409327224025015 0.07036619100731013 0.5365452036462911 0 0 0 0 0 0
-3.346737639622904 13.909383025519993 -4.136950116571279 -0.2647984068902007 -0.5111491390144102 0.8176847567328371 0.8661034297391843 0.2434213227852791 0.43659009220032313 0 0 0 0 0 0
5.576017606156435 12.531964905488199 -2.9580314089874133 0.24013309042868364 0.9693831070041472 0.05130780385239507 0.9698083623334477 -0.22683489116101754 -0.08954145687940099 0 0 0 0 0 0
10.70803364356562 11.134852296637751 -4.846362753893474 -0.6372264537167569 -0.7661074282245088 0.08379651008720515 0.5963993855449237 -0.6160445962928491 -0.5145841314110045 0 0 0 0 0 0
13.027500265113877 3.7600601872014066 -8.22207515098052 0.7415096779673254 0.2717807139361244 -0.6134318552318293 -0.27734919242950135 -0.7137658988764246 -0.6431295880767989 0 0 0 0 0 0
12.576936533674006 0.6667900190562029 -10.44601865449189 0.5009976406795941 0.35206457586351786 -0.790602237826027 -0.34353432282576835 -0.7648311747838517 -0.5449930670379158 0 0 0 0 0 0
10.117012539118367 -1.0120566821578485 -14.40350580948196 -0.23443530522022438 -0.3979770743426854 0.8869353617733013 -0.18104625406483052 -0.8799901442063581 -0.43913505893832455 0 0 0 0 0 0
8.386917720634369 -5.019596139300519 -15.13854422460006 -0.2913017439137968 0.13307582530492498 0.9473299946228843 -0.40963184024657157 -0.9118119490892969 -0.02829708384595052 0 0 0 0 0 0
7.537299734748774 -9.153059368490892 -12.567416193052715 0.26423420972370465 -0.6357352822764074 -0.725273006033332 -0.7124831330039741 -0.6425533646205427 0.28194495703888933 0 0 0 0 0 0
6.741089763945926 -10.67370065926969 -9.568980728267682 0.16016260917589734 -0.9769474795879702 0.1411437591559798 0.32828162588047616 0.15273918808533438 0.9321490838553156 0 0 0 0 0 0
8.796161973976846 -11.041273977353185 -7.22925319656987 -0.720711088167643 -0.05549024491728278 0.6910111143181649 0.6422061443369613 0.17812723245347772 0.7455480918319882 0 0 0 0 0 0
10.337077965927197 -8.643659384590576 -3.131845896345975 0.8315944630054868 0.18502903542011603 -0.5236553304895477 0.5292818321619979 -0.16403488443656186 0.8324381651697155 0 0 0 0 0 0
12.589919335037672 -8.590197134973213 0.014928031464385207 0.8226687973086393 -0.1764467848181532 -0.5404466505235215 0.4927221470017752 -0.12771277297175168 0.8607638081807499 0 0 0 0 0 0
15.3201988486481 -11.164194989342981 2.936659275926155 -0.7534720564881296 0.490669702919874 0.43763352559884094 0.5114462437502233 0.15811503307221017 0.8446433425241454 0 0 0 0 0 0
15.781828036873094 -8.576050116960523 5.264724629009716 -0.9626464255574984 0.03531952050759917 0.268448115717889 0.2522715025427505 0.17428743346672615 0.9518313818846301 0 0 0 0 0 0
15.423460016116891 -8.339185035666786 9.591555926012829 -0.9142308299903771 -0.27350720790286964 -0.29895785107650646 -0.3414045603747615 0.17596456119761564 0.9232981096903894 0 0 0 0 0 0
9.77704150642507 -7.20446250685975 14.541717391357267 -0.3474976856871872 0.0733560035357688 -0.9348070684303308 -0.804654078582066 0.45860427881368104 0.37711262147404967 0 0 0 0 0 0
5.033276695165075 -6.035596425630054 16.547763113016483 0.3325365324385993 0.6931852609774549 0.6394635631193775 -0.9172261098029388 0.38201142249965375 0.11297582296915729 0 0 0 0 0 0
0.68398963390548 -3.571497670638912 17.491018534180654 0.3351023096959688 0.605545515338574 -0.7218178931626508 -0.8109331645097381 0.5638685647704064 0.15633184052516008 0 0 0 0 0 0
-3.387540509821175 -0.7057239421651628 17.14869670014907 -0.24544280103441207 -0.6092658087145385 -0.7540245392238911 -0.826727753708261 0.5328401740512055 -0.18056181812768224 0 0 0 0 0 0
-6.922301804082594 2.3154573185538485 14.898188030527086 0.4616303995303461 0.5562346804894986 -0.6910140045253774 -0.8041962612881504 0.5938526273929015 -0.024646100476726673 0 0 0 0 0 0
-10.508442343786095 2.8465376208731255 10.819288438584914 -0.6254001085423816 0.5976091769191298 -0.5017349657909217 0.028545053291034322 -0.5822400731526969 -0.812515647324871 0 0 0 0 0 0
-9.700331809687576 1.4488620842992261 7.470686578491244 -0.794394048064386 0.3319159838241672 -0.508694285481873 0.2876742449585014 -0.5383003060392704 -0.7921340223128811 0 0 0 0 0 0
-10.697997011178597 -1.6673249778826844 4.899078035792386 0.6733349938685996 0.720049469703771 -0.16777588387873643 0.26414767077646 -0.42673947191017997 -0.8649389753833455 0 0 0 0 0 0
-7.7806362416143005 -1.06701509132863 2.172311165524881 0.6931129348964251 -0.39859793305715774 0.6005948278513774 0.5158337246644613 -0.33197617362654414 -0.7897514727071215 0 0 0 0 0 0
-5.040272698437187 -2.9209147427680504 -1.1944472328752818 0.016593402405702264 -0.8733770235779987 0.4867619887405326 0.6160069095113966 -0.38172057327748654 -0.6890753887427159 0 0 0 0 0 0
-4.645838923700774 -6.6515879146482355 -3.110601104442775 -0.5567112133010311 0.31186557774734625 -0.7699431708906883 0.48649020233277845 -0.62409879693524 -0.6114147321566584 0 0 0 0 0 0
-2.6793910029655605 -8.590157977914124 -5.842309736030428 -0.7669172084059327 0.13519002261719312 -0.6273449236549332 0.4194370036068403 -0.6449399538317238 -0.6388466607542451 0 0 0 0 0 0
-2.99795477184996 -10.02832680272146 -13.0593168984685 0.5680602931486125 0.7947582056870978 -0.2136981465547543 -0.7632313410893189 0.4676817277843905 -0.44581579321016324 0 0 0 0 0 0
-6.746972900315333 -6.618800070517107 -15.079638420726765 -0.48626456934179413 -0.8344949541970739 -0.25916199571399945 -0.7779067994738216 0.5635255718002994 -0.2780286698517639 0 0 0 0 0 0
-9.722313751597234 -2.2361245479476155 -16.64701135975474 -0.28625554704166695 -0.023475935042955177 -0.9578656702595281 -0.5037606648706032 0.8535217768520313 0.1331381574473636 0 0 0 0 0 0
-13.48076945517908 2.6034984988241536 -15.681448187875388 0.5752910549133611 -0.12110860165634686 0.8089331917664871 -0.5093639809666411 0.7337023557374077 0.4496989971961174 0 0 0 0 0 0
-15.379034165193135 4.410003168652256 -11.34141741512233 -0.9460000266230647 0.06315232504638654 -0.3179555526648286 -0.16421856086719622 0.7724694445139965 0.6134518901747263 0 0 0 0 0 0
-16.865998641617566 6.408634277589453 -5.729344596866161 0.39656662700945006 0.9167329464353446 -0.04832820359085509 0.14507913035277817 -0.019322798280024638 0.989231355852973 0 0 0 0 0 0
-18.428642211770512 6.255565923833527 1.7129285731614923 -0.7122589377521207 -0.6780456770999194 -0.18149728746825025 -0.0730372818913987 -0.19077694903737938 0.9789125145639448 0 0 0 0 0 0
-16.766704084234444 3.7716729936724596 5.209407125557686 0.4624633823051682 0.8167370122836632 0.34506270849342613 0.12458411845469568 -0.4236024782912465 0.8972400669912041 0 0 0 0 0 0
-16.681843059195543 3.2929004797028063 8.627338984469844 0.9781415485379401 0.20568421105522175 -0.030546953144161716 0.11227022668092368 -0.334102585902571 0.9358262970734629 0 0 0 0 0 0
-8.856680809385578 1.0851579214255258 16.582035608958464 0.10844135051072915 -0.3163047046015648 -0.9424392857613302 0.8732253340476615 -0.42987244345967446 0.22953692149926405 0 0 0 0 0 0
-3.6237340672057416 -1.2917669634665074 16.424540708365708 0.23799132159332229 0.6091622515952119 0.7564928830317676 0.9412532534575032 -0.33685009953150985 -0.02396504331890393 0 0 0 0 0 0
1.1112009317400022 -2.9838170763425773 15.194861113158877 0.4519258294955553 0.49483940048693836 -0.7422243679376753 0.7951840828389536 -0.6051905903593163 -0.03777067301643572 0 0 0 0 0 0
5.334341305957976 -5.384389756942439 17.137704955423384 -0.3235106334540068 -0.7069387252757928 -0.6289503229569284 0.8348583621846382 -0.5348946125147593 0.1299971868659812 0 0 0 0 0 0
8.476084590082266 -7.186307135027976 17.14678469713376 -0.3841495863181309 -0.8258831131221545 -0.4127301525104116 0.825133699321999 -0.5078798448171565 0.24741148209348282 0 0 0 0 0 0
8.149828673284459 -7.894532089718968 16.793525479903607 0.38648880039891154 0.8220919266265115 0.4180804603682414 -0.9078435594338553 0.41724408339664104 0.04156256085667559 0 0 0 0 0 0
5.828106702081343 -4.927648270385942 15.303739514979268 -0.4749426563664487 -0.6610950903405853 -0.5808465844705938 -0.8028476246800397 0.5946056088389614 -0.043357369418198524 0 0 0 0 0 0
1.550722131215575 -2.508611849729059 14.475896064297565 -0.4555519806103251 -0.4913658062387491 0.7423153220979304 -0.8992562664927211 0.4009788623752191 -0.17479736583211827 0 0 0 0 0 0
-3.0468924173349747 -0.4705309926684446 14.642463506045651 0.38950639558803785 0.578272306298794 0.7168583594852533 -0.9002451191675176 0.4282643829025444 0.07841137514522424 0 0 0 0 0 0
-8.75761641904302 0.7774284432861874 15.67413014869773 -0.09938572293303585 0.3220900802437546 0.941477805519413 -0.9769142851074387 0.15688596890983095 -0.14500093900470337 0 0 0 0 0 0
-15.691404838241594 3.485030065554818 8.595756211745396 -0.982202748520266 -0.1846087053855299 0.03460327578587856 -0.041241036859041076 0.020378576230350314 -0.9989413849218657 0 0 0 0 0 0
-19.11185847469972 5.613921050262049 1.5363917839264394 0.7217830175199405 0.666540078984052 0.18642317111277484 -0.14925416014253914 0.4092468036447964 -0.9001334619858672 0 0 0 0 0 0
-16.4576293960845 7.36950880400674 -5.7716596949787995 -0.38846708525951873 -0.9203557620397915 0.04515080231987453 0.1526035886352497 -0.10559067228843898 -0.9826305280527972 0 0 0 0 0 0
-16.397582768568533 4.481703624601239 -11.682634279049525 0.9445316424554311 -0.07236469178602777 0.32034875960920917 0.25033236969672545 -0.5196469233275213 -0.8168848020120483 0 0 0 0 0 0
-14.612394228457473 1.3157309862869704 -14.111452114498054 0.6186008646373525 -0.05469681070474432 0.7837992275887042 0.5108551657485098 -0.7389649509607128 -0.43926962207702697 0 0 0 0 0 0
-10.038311209023764 -2.2625577188257044 -17.687697178950295 0.2893763302606707 0.024272266013993703 0.9569076217626303 0.7501295712985255 -0.6247200752155547 -0.21686505916390028 0 0 0 0 0 0
-5.842436010474555 -5.701783346552045 -17.05412154008172 -0.5590078632750078 -0.7929101611062589 -0.24249471171791934 0.7517963439763905 -0.6197398907621848 0.2252215020414527 0 0 0 0 0 0
-2.4046183567700767 -9.208099683929643 -13.289088757384757 -0.5834152798048596 -0.7802576551482734 0.2254431255832284 0.6169523221904536 -0.294404382528101 0.7298601864001449 0 0 0 0 0 0
-3.440146673232925 -8.460521490754509 -6.470754764414014 0.767138446007588 -0.1256701937052234 0.6290513548758597 -0.5692130982489788 0.3738701962848339 0.7322687519700252 0 0 0 0 0 0
-3.0262071925776275 -5.330816557632557 -3.0898172625287303 -0.7000348373745675 0.33746713204026535 -0.62933866975936 -0.3782122323354564 0.605029713392027 0.700638675227533 0 0 0 0 0 0
-5.021955667623377 -3.782482318310656 -0.703065021880411 -0.02836038302650426 0.863313619260285 -0.5038703042195459 -0.33459767211001035 0.4752009858269846 0.8137741829817557 0 0 0 0 0 0
-10.02770703503931 -0.9434345730185503 4.733125197157736 -0.6716922766119132 -0.7236200345576493 0.15875620027794637 -0.45437147243040843 0.5545948079320502 0.6971163203198121 0 0 0 0 0 0
-11.295584143228114 -0.02180385670978982 7.466715293821233 -0.7340510988328657 0.3900649846656293 -0.5558941374399131 -0.3046119171322355 0.5551026092012934 0.7739978509007246 0 0 0 0 0 0
-11.119292294697733 3.4140972785726817 10.345159942160665 0.6404058450779951 -0.5907666244690749 0.49079033100026925 -0.2634360890425211 0.3785113480537801 0.887316508572049 0 0 0 0 0 0
-6.493729598410654 2.835869446682909 14.266819755293017 -0.46448602479051376 -0.5824504494356106 0.6670863562737298 0.8833197304508857 -0.39123943315326004 0.25822075776763237 0 0 0 0 0 0
-2.6763079324836445 0.07586323061806284 15.335205017631926 -0.387984623198459 -0.5713730977915347 -0.7231878838045167 0.7775348712490799 -0.6124359042274534 0.1426947343274382 0 0 0 0 0 0
1.0021456186860613 -2.998492593411549 16.807600171634625 -0.3411866186484406 -0.6065709085634836 0.7180970854555208 0.9227712225730773 -0.38132802483082046 0.05551763926549136 0 0 0 0 0 0
5.376935166987992 -5.547777795234279 14.772739346879536 0.4874983021841711 0.6648527447290875 0.5659648692222418 0.875354091331992 -0.4401321134480173 -0.2000973200723191 0 0 0 0 0 0
9.452822674380029 -7.1339449833319835 13.670468437133 0.34270091855454266 -0.06769489158079767 0.9370023917129224 0.900680470577432 -0.18842014649566696 -0.3915003682181758 0 0 0 0 0 0
14.508274260644633 -8.60331328921752 9.285724187584854 0.9112548630703496 0.26274331722567507 0.317144326425504 0.25720893451447807 0.16158045615233138 -0.9527514472282534 0 0 0 0 0 0
16.22277051185738 -10.689883885798418 5.221596824770037 -0.9692943874694813 0.12347969335712138 0.21265266456970303 -0.2183853211208453 -0.21452215144793857 -0.951991648102594 0 0 0 0 0 0
14.5185619430343 -10.642696618507768 3.4004229636527503 0.7601521669546052 -0.48171449571868735 -0.4360273244748649 -0.3746506257942909 0.12610732819841872 -0.9185498627546588 0 0 0 0 0 0
12.878129134347462 -10.809916180722853 -0.11173778525295372 0.8334946420395892 -0.15415485469631496 -0.530587374958032 -0.4803179062027319 0.13600774619730463 -0.8664852000786588 0 0 0 0 0 0
11.20997047603167 -8.449024117860251 -3.6712856820047057 -0.8327738394554446 -0.18991784307258305 0.5200182162206389 -0.47919197569829397 -0.13673774322382387 -0.8669935639925023 0 0 0 0 0 0
8.180237936878816 -8.95763775814253 -6.839303790698891 -0.5893183245484799 0.05028675831295547 0.8063343935922285 -0.7519362414102634 -0.2406518379542862 -0.6137414616457242 0 0 0 0 0 0
6.909860642724574 -11.68434273533601 -9.416597840510322 -0.16022646709562774 0.97665277212185 -0.14309731635764286 -0.6163722873108101 -0.1758184803709006 -0.7675760974622043 0 0 0 0 0 0
7.802023137907188 -9.826753541766115 -13.337983812809723 -0.23358594403181812 0.6340651143406812 0.7371560469309759 0.43162152828545053 0.7567388405418617 -0.4909675992729977 0 0 0 0 0 0
9.906423644129909 -6.11414276363034 -13.858968238416974 -0.2693562503858955 0.09552488486300735 0.9582912953533284 0.4030601723324138 0.9142472489420893 0.04116388321315391 0 0 0 0 0 0
9.85486974758674 -1.4557500921644395 -13.424048881091453 0.24084849241047535 0.39713359415636046 -0.8855941012089299 0.49453336225005207 0.7354073094032199 0.4632632544223376 0 0 0 0 0 0
11.06116750106616 1.8174617049949993 -11.850667006994199 0.5111545636363243 0.3306858291125189 -0.793327104350989 0.3405001428648249 0.7698433678498575 0.5398155626569344 0 0 0 0 0 0
13.849226462568451 4.049033582984683 -8.886094405426578 -0.760007869479972 -0.2584835583670537 0.5963005017459064 0.04072958475275666 0.9014490624050925 0.43096483477755776 0 0 0 0 0 0
10.040051616707363 10.327117271096396 -4.756972953276428 0.6433928860838546 0.7609167204573257 -0.08397224937535148 -0.4065659579930691 0.47733273116127434 0.779010645346581 0 0 0 0 0 0
5.830481255457727 13.54764172455416 -2.8940332235960717 -0.23500561881316226 -0.9690024694944733 -0.07620087427224788 -0.9272213969496111 0.25121860300479976 -0.27775833838631814 0 0 0 0 0 0
-3.6441169936399525 13.352488986513462 -3.2314685728717807 0.27636397723671985 0.5008851863184173 -0.8202054512210133 -0.955294724007993 0.068851715421377 -0.28752640151128106 0 0 0 0 0 0
-8.013383853343743 13.145146144720208 -5.850097093060486 0.4679017836872339 -0.7708062380311014 -0.4323490074403388 -0.8124425623677239 -0.1623185645232055 -0.5599908628401833 0 0 0 0 0 0
-11.371057772369506 11.919663794511262 -10.34726143934747 0.4172197217363142 0.17305483898416543 -0.8921769591837917 -0.7862007638610657 -0.4004134871563059 -0.4706988402445915 0 0 0 0 0 0
-13.974329048573589 5.467377776740213 -13.381982631566796 0.269899380126561 0.26649497375244896 -0.9252755014437483 -0.10030941701212832 -0.9466601085523458 -0.30622321880345377 0 0 0 0 0 0
-12.852093811773035 2.4634957213392514 -14.793292377178876 -0.5582927417569734 0.13148514062512512 -0.8191586368318852 0.25970160185377306 -0.9164657126758848 -0.3043775213186195 0 0 0 0 0 0
-11.046743294782864 -3.2937134885576307 -14.590467624272783 -0.665133674163658 -0.46601919623472177 -0.5834580569623637 0.5711526822127977 -0.8207501507169539 0.012401761940318431 0 0 0 0 0 0
-7.2719781376903745 -7.519162730426204 -15.374869599412829 0.48513435578918224 0.8272258294711421 0.2834467919888954 0.8592844320378243 -0.5076510838745395 -0.06261502933352944 0 0 0 0 0 0
-0.8370385784132267 -9.144631725025759 -16.694751163995143 0.1097820116918537 0.9246025582465588 0.36477118744880127 0.9876404074106798 -0.1487391383543382 0.04942766807442501 0 0 0 0 0 0
6.408888706501428 -7.538102997363459 -14.476443963424964 -0.4852246228088019 0.8058458873583423 -0.33936627889008336 0.8663832488255985 0.4981620774263807 -0.034851266384935735 0 0 0 0 0 0
8.082685075341677 -4.86848423107963 -14.099172750638338 0.2719425876471087 -0.1382595184969505 -0.952329530450876 0.6865269902751835 0.7152749718536145 0.1306231459715663 0 0 0 0 0 0
12.074523171841891 -3.0506278560532234 -12.836970617779391 -0.5695324130793136 0.21180850014066327 0.79421029313414 0.3905540335498493 0.9183500289115255 0.0640372647459544 0 0 0 0 0 0
13.128240942985734 1.0534095298432211 -11.318762218447882 -0.49722930899533946 -0.3536981770210127 0.7922503479633377 0.04435868682224469 0.9050511328666049 0.4229831601852267 0 0 0 0 0 0
11.184249906645789 4.950162363835077 -10.085424274801031 0.7574616680061065 0.541724045255428 -0.3643993417852205 0.003814749239390005 0.5989250860690456 0.8007959721211309 0 0 0 0 0 0
12.508916242412916 8.08455448066762 -3.1393903968178933 -0.8978425539101932 0.31874530648146543 -0.3037765263875052 -0.08975619258550056 0.4872341576812358 0.868646476698784 0 0 0 0 0 0
11.52046970353114 7.60337037535325 2.525870388699863 0.9928108198277618 -0.01638075393037028 -0.11856790009779297 0.0794281494573192 -0.5505633028449247 0.8310061483733279 0 0 0 0 0 0
11.117225739660274 5.495375317010785 7.755336230380653 -0.09129823476200478 -0.7814144908689391 -0.6172973560524769 0.09705343149780322 -0.6291596475862349 0.771193081714084 0 0 0 0 0 0
11.916927897666907 0.7395402558984234 11.07916562345813 0.5929413612798465 0.5528351567505718 0.5854859789475519 0.3134291476221688 -0.8238167207651471 0.47232211467239205 0 0 0 0 0 0
15.846872855399875 -6.680144994665378 14.605826867812748 0.18417743682808552 -0.38033759779819115 -0.906323332737571 0.12202092049923965 -0.922226246477613 0.36689187135766743 0 0 0 0 0 0
16.75419497365565 -11.011381028261404 8.297592567468593 0.07292159053163744 0.9785159038422185 -0.19284467211251213 -0.5509717919147624 -0.12630320382587293 -0.8249106528694825 0 0 0 0 0 0
14.779244620652305 -8.541359464989666 5.547553458140251 0.9620506237797727 -0.040180091231662 -0.26989656825081243 -0.24795503865087065 0.14539980900274188 -0.9577980968605082 0 0 0 0 0 0
15.228806021576261 -8.678121256486595 3.064447359519947 -0.8788213048752611 0.4402501602142622 0.18399160450591126 -0.267918733292283 -0.18684577251033388 -0.9451498344950789 0 0 0 0 0 0
13.458653952156304 -8.770042584879066 -0.5523404326556683 -0.8239596550432358 0.18244384029981914 0.5364743535321013 -0.5346776368666525 -0.18914827867480996 -0.8236156587323049 0 0 0 0 0 0
10.61297163891221 -11.039274291958685 -3.5093310639259148 0.5929395577734932 -0.330940982586515 -0.7340985947895872 -0.6783321747593074 0.17732050715887754 -0.7130377959317633 0 0 0 0 0 0
8.033241081168855 -11.099216784708158 -6.489338002966066 0.713925090272096 0.05149090376253522 -0.6983263222231401 -0.6644510440208774 0.14668790338401602 -0.7327942883922933 0 0 0 0 0 0
4.615438824311654 -8.69271156569324 -8.259673740491356 -0.2782309920238645 -0.3261877492732789 0.9034318277000478 -0.9383852530785439 -0.009612037483837698 -0.3454572702088153 0 0 0 0 0 0
-0.6624916257218536 -6.840164395329489 -5.600374631795939 -0.755195997634566 -0.056399721418237285 -0.6530682020897034 -0.579800604280834 0.5734400188329951 0.5787899481473342 0 0 0 0 0 0
-5.20663407253762 -6.338041367094829 -3.8939238456654395 0.5526899718061645 -0.3123370796384424 0.7726443837547973 -0.6659365837789804 0.3816415463356161 0.6409978131751628 0 0 0 0 0 0
-7.252456820653755 -4.414888553168068 -1.1870574213739074 0.3828153511982341 -0.5612966445143815 0.7337564198995935 -0.6311074205857078 0.40971907592807477 0.6586605366213305 0 0 0 0 0 0
-7.090755134406583 -1.4696875068102377 2.766724315702596 -0.6944418354964579 0.39877427946158556 -0.5989404070124202 -0.3440717590778162 0.5714241825556742 0.7450429707041579 0 0 0 0 0 0
-9.053765741844007 -0.020759018767150476 4.229740547295888 0.8133553628930046 0.48030690081761074 0.3282656465123494 -0.4802799826284297 0.33344664674496655 0.8112610381751195 0 0 0 0 0 0
-10.479991135504575 1.7784622152083223 6.9701149427300155 0.7879354324108299 -0.34558191138123745 0.5096380057233263 -0.44984481704813917 0.2689829444014613 0.8516383130155939 0 0 0 0 0 0
-18.442572848416425 2.527694121381143 9.062135036783534 0.20925917270470396 0.9112088819644972 0.3548365427460278 -0.23585281522223184 0.41627275286523735 -0.8781175574908776 0 0 0 0 0 0
-16.30093697905339 4.586783780520575 5.557304382660317 -0.4711327327411937 -0.8107801467717255 -0.3473751599361046 0.16116572960529202 0.28657768797690825 -0.9444039582480601 0 0 0 0 0 0
-16.36278511764213 5.75824844002228 1.9705461877377386 -0.2443857319044018 -0.9072521718322334 -0.3422997381641501 0.1436081360105223 0.315213095952443 -0.9380924301003922 0 0 0 0 0 0
-18.521263295854506 8.850804825480246 -5.807834567078966 0.5866775417850315 0.6342322747440096 0.5035463073423455 0.042292645353486466 0.5820582675414292 -0.8120464921023144 0 0 0 0 0 0
-11.582261246546109 10.531987033160469 -7.603659995784486 -0.17619380485770023 0.9404070473327056 -0.290844165244464 0.9561223603685689 0.23180289069591076 0.17915761738830996 0 0 0 0 0 0
-7.485358829964216 12.300543591712115 -6.339615039651257 -0.47814130590399373 0.7569488141941106 0.4454316830654879 0.8827993317015354 0.3652533088763696 0.29539018315134613 0 0 0 0 0 0
-2.554801132375703 13.613899806532359 -5.851162814653045 0.42748813204086966 0.5101048114473763 -0.7463557987330469 0.8964382750264344 -0.15599619326515973 0.41480550473012007 0 0 0 0 0 0
4.667896674299815 12.748071228866054 0.4683357441108984 0.03334340911721273 -0.8238211324746095 -0.5658683228072536 0.6473022860840812 -0.3997052755352171 0.6490265350042618 0 0 0 0 0 0
9.598700073379216 8.028097782538888 5.310480771186252 0.2644611556308675 -0.6310529726317745 -0.729268429931659 0.23516341963596735 -0.6856890640581664 0.6888604165548734 0 0 0 0 0 0
14.891728391086204 0.5330772200912877 9.790545869197171 -0.7136515984672206 -0.5574405411626195 -0.42421862179011754 0.12810089433074542 -0.6845658161174158 0.7176069984853545 0 0 0 0 0 0
14.390952073369368 -3.371391454793039 14.987728834285667 -0.5437278131996112 -0.6653403517629248 -0.5115489042791079 0.1738778532528882 -0.6907658674021776 0.701861103481511 0 0 0 0 0 0
14.901291697373638 -6.982991726898996 18.01407741049055 0.7671342689772664 -0.34027325543750003 -0.5438006298218869 0.05765490747474992 -0.8042994039054948 0.5914206460053147 0 0 0 0 0 0
