time	duplex	start1	end1	start2	end2	axisX	axisY	axisZ	hel_pos
0	0	0	31	3423	3454	0.7145951151995236	-0.39961984334327266	0.5273505703883292	[-27.14054072485952,-23.900876265788632,4.118924003498172]
0	1	32	39	63	70	-0.32205404845391	0.7459043906802706	-0.5493398220110155	[26.032761986467285,20.030100262060287,-5.42372864644347]
0	2	40	62	6808	6830	-0.5885957850731638	0.35979910261199827	-0.6675763726188326	[24.966505750607155,22.472361884355582,-7.258940197328977]
0	3	71	93	12652	12674	0.6642764784018711	-0.5751308080750558	0.40584002165168154	[26.199340534469215,19.737020792377482,-5.183592787434021]
0	4	94	101	12348	12355	0.7290644780669646	-0.39581942535426	0.5326885423188605	[32.37572323376351,14.351281060601844,-1.3630045996342879]
0	5	102	125	12683	12706	0.554700030565597	-0.49593430645732317	0.6244894191196694	[34.718437649588665,12.954524952268759,0.39772189260116253]
0	6	126	133	12420	12427	0.5868202298647621	-0.29868666670070315	0.7272164258571587	[40.246490867379585,8.224669913617142,6.506728478093976]
0	7	134	156	12715	12737	0.40075882673925745	-0.42753455512645466	0.7570166429387757	[42.163132183759444,7.180588711968651,8.82722680952952]
0	8	157	164	12482	12489	0.5574090269609431	0.024741402466981196	0.8123952135839506	[46.09249502465185,3.2584589207290913,15.959642783492697]
0	9	165	187	12745	12767	0.20457790888706118	-0.011956798008132057	0.9586388674032953	[47.85845823136232,3.2413106298417143,18.524642100270043]
0	10	220	226	12738	12744	-0.25354357977298053	-0.2598487611064965	-0.8997462024428278	[48.04851977868402,1.2582712958873308,27.523307449973217]
0	11	227	234	12544	12551	-0.32215553346687525	-0.20876915417391587	-0.9024074492525651	[47.29863092250086,0.6137829845507328,24.9790514111966]
0	12	235	249	12491	12505	-0.24242377743547777	0.2373189730407601	-0.9153369230889561	[46.392375856835045,-0.006427010989711268,21.95940012744282]
0	13	251	258	12707	12714	-0.6298130801742131	0.4120067191155265	-0.642014825698037	[44.63889710611092,1.7409973663591365,16.128492454432454]
0	14	259	266	12474	12481	-0.5156062414232999	0.17511091220868322	-0.8193650091872188	[42.64230040489534,3.008999153233278,13.986184834360436]
0	15	267	281	12428	12442	-0.3808216057692441	0.44526111381665057	-0.7603390109833709	[40.890736773896705,3.568405351615291,11.238401492865727]
0	16	282	289	12675	12682	-0.6599406032433811	0.5497121104423409	-0.5074887806691815	[38.39639681210285,6.428777549095381,6.603866181995986]
0	17	290	297	12412	12419	-0.6534276287796031	0.2483965266671618	-0.6889721465076345	[36.34277806521854,8.081434628653112,4.890090983078226]
0	18	298	313	12356	12371	-0.58573596400866	0.6198165338493666	-0.4455493456604984	[34.295182623833625,8.977349764284575,2.5859343326136157]
0	19	314	320	12645	12651	-0.7660963120849923	0.4934440814284682	-0.3607462916375244	[30.221926138935686,13.252367644901309,-0.4396021518853209]
0	20	321	328	12340	12347	-0.7771812951491694	0.5075596158802657	-0.35595120625291105	[28.073899672829583,14.647396837695066,-1.5223748405169015]
0	21	329	344	12294	12309	-0.6400294695248341	0.4660520365338209	-0.5770859085910826	[25.576111656687253,16.3635039224014,-2.776548523274327]
0	22	345	352	12254	12261	0.5764595724724051	-0.5334952070888288	0.6051558491630573	[20.330003526218604,17.324272544824844,-6.636158884747891]
0	23	353	360	12310	12317	0.7050053452485613	-0.4772797286095165	0.4988200721651717	[22.251884222590828,15.701765488156022,-4.745970968387306]
0	24	361	375	12325	12339	0.6007992397161492	-0.6176582445576663	0.45564503809377316	[24.548340060362264,13.961889905465075,-3.088157343656256]
0	25	376	391	12372	12387	0.6405823730855078	-0.37540187434683997	0.6104275695120038	[28.297280074764615,10.121762277308495,-0.2762046095275595]
0	26	392	407	12396	12411	0.4744607661929306	-0.4166645441792168	0.7440463301561914	[32.46831400197413,7.6936564004642465,3.7877215329699605]
0	27	408	415	11928	11935	0.47139243441519213	-0.3603302764260611	0.7966770077743816	[35.46307207668137,4.912729008421209,8.522397748681424]
0	28	416	422	12443	12449	0.7811369060712366	-0.1535231772604089	0.5803393257179233	[37.130306266108065,3.709125789458768,11.29282700405541]
0	29	423	438	12458	12473	0.36918185063487563	-0.4611860136126273	0.7846627958961039	[39.15621926804444,3.271530999194913,13.008597054780722]
0	30	439	454	12506	12521	0.5441530801939591	-0.33523884320815844	0.7147389678566667	[41.59727884583387,0.24163880505754848,17.918694102741338]
0	31	455	469	12529	12543	0.4049435559342231	-0.3697176084990125	0.8093129280110315	[44.98133611472803,-1.5795983350242395,22.537871027662476]
0	32	474	478	497	501	0.6299591092916806	-0.24827552815685303	0.7216498787666082	[46.111893897780504,-4.188843668314309,29.013598832560152]
0	33	502	508	12522	12528	-0.5175310546125794	0.6656543106939911	-0.507298189585779	[45.92026090816756,-4.086983246987973,28.669697920092343]
0	34	509	516	12012	12019	-0.520286277213193	0.3531785212366517	-0.7630727929442619	[44.34249971429601,-2.280731589442948,27.090834494780637]
0	35	517	532	11606	11621	-0.5040622064474142	0.21504553102044208	-0.816813755549329	[42.67961777436008,-1.1394040905306997,24.54991925250748]
0	36	533	540	12450	12457	-0.5108901281251219	0.33167845844869615	-0.7717708181646542	[39.29581000890681,0.27842701539705794,19.34005119799437]
0	37	541	548	11982	11989	-0.6215569864683408	0.37301560438201975	-0.6654754113061737	[37.68607331901032,1.3867409445911432,16.81575390912696]
0	38	549	562	11937	11950	-0.3692409455354812	0.32768249141509287	-0.8526548620085943	[35.637024325381255,2.67198217936549,14.591108549486204]
0	39	564	571	12388	12395	-0.6498057778212525	0.3860154395192877	-0.6334628401887887	[33.09563632544898,4.693510246741507,9.295155629390926]
0	40	572	579	11920	11927	-0.7840862615767594	0.23906659624846668	-0.5540390258348259	[31.04718057217263,5.961570593440356,7.112263481850514]
0	41	580	595	11566	11581	-0.4284813356610006	0.5861055572231779	-0.6512198041279622	[28.54215443361924,6.759593368396496,5.321648009220773]
0	42	596	602	12318	12324	-0.5557311129928735	0.6813714011950522	-0.3546580515244178	[25.753177992977847,10.651801483125801,0.9944006379680275]
0	43	603	610	11888	11895	-0.8664524828508069	0.40804711272179345	-0.22379881254036077	[24.10447679081262,12.507350233548934,-0.042441666161038866]
0	44	611	626	11842	11857	-0.6427350176603915	0.6085286178765216	-0.4201789254522391	[21.312018729545564,13.976930497080883,-0.8593297358389386]
0	45	627	634	11802	11809	0.3929817881843275	-0.5851797975375292	0.6794446103489337	[15.867305788630041,16.37261306527575,-3.0489854370561944]
0	46	635	642	11858	11865	0.7081243713543018	-0.6241044220578461	0.2839259097822329	[17.229156468589814,14.434841717599134,-0.9906151873950001]
0	47	643	657	11873	11887	0.4932949294581099	-0.6986460923557696	0.4785221078244376	[19.554532451509644,12.349161412496713,-0.12278179471858425]
0	48	658	673	11582	11597	0.6388470030631804	-0.41820953003629796	0.5934588050239782	[22.70476656092179,8.202042030956019,2.8533957331040263]
0	49	674	689	11904	11919	0.4985511636444287	-0.34964883050437445	0.7554469549852019	[27.048416983382054,5.221984801183684,6.887628623640776]
0	50	690	697	11396	11403	0.5490302067655215	-0.13110441902587885	0.814573392681304	[30.29912635861727,3.093552042122435,11.758188673421]
0	51	698	704	11951	11957	0.6763091210695286	-0.12981202656270224	0.7137363623508012	[32.03572048548086,2.6557004821292534,14.2468818658032]
0	52	705	720	11966	11981	0.47394606081480883	-0.49981741212932584	0.7048502709206563	[33.86416944849042,2.202238547897945,16.32100725679193]
0	53	721	736	11622	11637	0.603544404087861	-0.2755879032309713	0.7299699048202032	[37.04534978389829,-0.9006199571034174,20.847227462333507]
0	54	737	751	11997	12011	0.38851162148618373	-0.4335299752424529	0.77041363019203	[40.872185390216245,-2.7601390659414,25.404270130204537]
0	55	784	790	11990	11996	-0.519659651149602	0.09885495567221662	-0.822027404544233	[41.19560244651347,-6.3557033202212665,30.636602335044763]
0	56	791	798	11480	11487	-0.4624158465231091	-0.0276646271821703	-0.8556404377941644	[39.83063021322751,-6.115372306867572,28.291636888359697]
0	57	799	806	11036	11043	-0.49097222965093207	0.5121706801254841	-0.6883609314198503	[38.46594643524382,-6.018983026439447,25.54722192218089]
0	58	807	814	11638	11645	-0.522566060261114	0.5562790883749933	-0.6089978778624016	[36.85314999289053,-4.227801684274303,23.37532030756668]
0	59	815	822	11958	11965	-0.6791450235312652	0.2768757475003821	-0.6611083815930352	[34.936970459514626,-2.4727291275007093,21.299949242306592]
0	60	823	830	11450	11457	-0.6394685216675364	0.19992449931707212	-0.7222400025902659	[32.75604442271104,-1.5436405660815549,19.08682229620926]
0	61	831	845	11404	11418	-0.38590130293314834	0.37800920942702476	-0.7673660245150965	[30.770490701135223,-0.9467438643224504,16.684678430065397]
0	62	846	853	11896	11903	-0.6785476121577634	0.5295229529142138	-0.4812708506486931	[28.370086040613543,1.4773915588260431,12.082503607406903]
0	63	854	861	11388	11395	-0.6735705336837627	0.4455559090765274	-0.5765494647673896	[26.1393585310633,3.2609769536389273,10.54630030595565]
0	64	862	869	10894	10901	-0.446353065210866	0.43519233924561396	-0.7709101178562437	[24.017289453865224,4.748909432989368,8.646130810656619]
0	65	870	877	11598	11605	-0.588893100334498	0.49221856335170483	-0.6250301729686171	[22.391571054253625,6.058523147397432,6.124660699257249]
0	66	878	884	11866	11872	-0.6736456897442391	0.4314101916498221	-0.5708801404118496	[20.355515148404542,7.62775315230652,4.120203286983815]
0	67	885	892	11356	11363	-0.6755944581516468	0.5578883293510619	-0.4362713521136561	[18.613731473254777,8.906083099645397,2.517085580538331]
0	68	893	908	11310	11325	-0.5033890498193829	0.5350713341799407	-0.6459882393034173	[16.433797537620805,10.74915826477626,0.9922989792874986]
0	69	909	916	11270	11277	0.23495841440102092	-0.5149362623518554	0.7749231328293725	[11.833475208941476,12.16308566156281,-2.786820578234813]
0	70	917	924	11326	11333	0.6303610996548018	-0.3523857122367722	0.6628116712461416	[12.591003801296385,10.513227216793796,-0.23450454269359933]
0	71	925	939	11341	11355	0.46337346126260665	-0.5483575485497821	0.6498029285542016	[14.663510891779811,9.265106055601514,1.982125699026794]
0	72	940	954	10903	10917	0.7196394250152301	-0.34625521051983116	0.5700635606236543	[17.540429871299388,6.046745293930674,5.956630166435149]
0	73	956	971	11372	11387	0.4255908703168539	-0.5298564533344324	0.7060658999094915	[22.03451643740086,3.6279793745767304,9.862354140991954]
0	74	972	979	10974	10981	0.7368829685924488	-0.27774078190359547	0.5922835395700147	[24.911693169216914,0.2987398131370398,14.483226457062694]
0	75	980	986	11419	11425	0.6288200835176462	-0.43134309414808153	0.6127149644152741	[27.23972308622441,-0.6361469888472651,16.54304335655552]
0	76	987	1002	11434	11449	0.49739452699473247	-0.5127079763372382	0.6867824948629316	[28.99660321641647,-1.8232709910965128,18.343675555131796]
0	77	1003	1018	11044	11059	0.6985017625406659	-0.41590808725933026	0.5310680108385166	[32.21013502347536,-5.084934081703795,22.767449740484416]
0	78	1019	1033	11465	11479	0.5088335171413696	-0.699901273564847	0.4432513083470418	[36.6778580363085,-7.900382455183607,26.312122476646998]
0	79	1067	1072	11458	11463	-0.8364832728603296	0.2539420937660135	-0.45430697898435646	[37.64555020104116,-11.453018376625312,30.33816846570614]
0	80	1073	1080	11106	11113	-0.7197231447665968	0.49836769087368316	-0.4359911904525329	[35.60423308973807,-10.710689168946121,29.277153856426725]
0	81	1081	1096	11060	11075	-0.4984265105556221	0.4446264352966992	-0.7124439257324989	[33.22049222728664,-8.968252672605429,27.707072275155543]
0	82	1097	1104	11426	11433	-0.6644651102132251	0.5001080387296263	-0.5089799652720244	[29.98973662164311,-6.043432212036297,23.079224676719853]
0	83	1105	1112	11028	11035	-0.6189616902707921	0.46001316093874106	-0.6269297853393717	[27.8705286145538,-4.487069298947942,21.367860760079797]
0	84	1113	1127	10982	10996	-0.5401297952200784	0.3541079180722301	-0.7408793833810474	[25.94116298901861,-3.067723457338974,19.300515699506803]
0	85	1128	1135	11364	11371	-0.5694820243428586	0.445873572187395	-0.6542059550293711	[22.769017577100946,-0.9960717349250624,14.927349637017901]
0	86	1136	1143	10966	10973	-0.5838191354389751	0.5331730129122244	-0.574466143378034	[20.81307968353185,0.5163412672149623,12.779557049278454]
0	87	1144	1159	10918	10933	-0.5734446375361951	0.4420324123390713	-0.6656326967366218	[19.026207222767884,2.354840608081302,10.867700677587223]
0	88	1160	1166	11334	11340	-0.8213371234233436	0.5316788634172364	-0.18204473384616496	[15.232665840558887,5.258340136488313,6.504843780489019]
0	89	1167	1174	10886	10893	-0.6709019942418232	0.4243380106221957	-0.5778690033163738	[12.96233289143828,6.702393407671584,5.878742895359699]
0	90	1175	1190	10840	10855	-0.4513172773212088	0.3464505979323535	-0.8007480463811952	[10.9366001136416,8.030957486723713,4.125337658507155]
0	91	1191	1197	10801	10807	0.18975308842432959	-0.41724208229468496	0.8718333268345995	[7.122886780789234,8.109992070348609,-0.9888592764561521]
0	92	1199	1206	10856	10863	0.6050850436980723	-0.28148180264915074	0.7379117353809564	[7.880051925988044,6.804388415976453,1.8660451430908738]
0	93	1207	1221	10871	10885	0.5236491899235803	-0.5726317791854577	0.59499906599552	[9.786300205340462,5.856016453764323,4.2194203099174175]
0	94	1222	1229	10364	10371	0.5446103586768002	-0.1944879869746162	0.7921150985743394	[12.981732345199443,2.437836634740254,7.772819649949042]
0	95	1234	1237	10934	10937	0.7448340009954864	0.03820810243459736	0.6546040364805371	[15.998199378046529,1.4500964413940332,11.295773020875963]
0	96	1238	1253	10950	10965	0.46384917455149455	-0.5186119427254479	0.692019241249336	[17.147932671682717,1.3842327189707135,12.368791258867933]
0	97	1254	1261	10428	10435	0.5770448194514053	-0.3499898399987589	0.7226778877099324	[20.219549606360943,-1.9604560681288778,16.94533366502495]
0	98	1262	1268	10997	11003	0.7341616644246862	-0.3085775034173032	0.5863051260435391	[22.12893679226204,-3.101040699481768,19.28939807135056]
0	99	1269	1284	11012	11027	0.5236575798736923	-0.6487431012321871	0.5324429966676886	[24.174474681637115,-4.02650543965427,20.90185101747869]
0	100	1285	1292	10490	10497	0.546139117033909	-0.1944211154250278	0.7880898950887595	[27.801659821692915,-8.204251481536684,24.54617969400617]
0	101	1293	1300	11076	11083	0.6658891971720994	-0.4563068011581389	0.5774513072526251	[29.518875151164096,-8.908810116577737,27.093751948698728]
0	102	1301	1315	11091	11105	0.38500387323945556	-0.7130690915266797	0.5404945500977629	[31.743286910739016,-10.407184111446476,28.94228255017685]
0	103	1348	1354	11084	11090	-0.6759275420124536	0.46329617758583747	-0.5681433913511166	[32.28810806338353,-15.07829647495641,33.43598530617581]
0	104	1355	1362	10544	10551	-0.5222786298682262	0.36183373729525276	-0.7616262528407667	[30.43926370774465,-13.805765672725379,31.800249193552347]
0	105	1363	1378	10498	10513	-0.4591558231665723	0.4978417746610285	-0.7042392387746664	[28.686424229131326,-12.660688899881432,29.35288527195683]
0	106	1379	1386	11004	11011	-0.722435432078789	0.4739727692325932	-0.48227393593048395	[25.580374939104274,-9.54340584018148,24.643553870016127]
0	107	1387	1394	10482	10489	-0.6833517353931073	0.34651871569800924	-0.6235142970403871	[23.260301515622,-7.9915479557051965,23.007512207569818]
0	108	1395	1409	10436	10450	-0.45169146428444135	0.5582616741145104	-0.6863134091839015	[21.10945275027086,-6.795355947863301,20.927787983909425]
0	109	1410	1417	10942	10949	-0.7055802372721727	0.4418481616346833	-0.5131112801923735	[18.32816327872174,-3.4479630460194617,16.83508702588849]
0	110	1418	1425	10420	10427	-0.5888710720200029	0.1988527065184436	-0.7419393732281777	[16.155095207443786,-1.9908173448048287,15.080058095372205]
0	111	1426	1441	10372	10387	-0.5709033462418535	0.43882862917908133	-0.6709105981061672	[14.166503280980919,-1.25569080681682,12.758064040961127]
0	112	1442	1448	10864	10870	-0.5288729098577999	0.5942608573662401	-0.548861311701795	[10.554582422973027,1.56538674614054,8.504404366239655]
0	113	1449	1456	10356	10363	-0.5426026145646828	0.24416330051907423	-0.7951565946095615	[9.079971532286418,3.143329957421233,6.891092529469413]
0	114	1457	1472	10310	10325	-0.2659776560090727	0.1474156102056178	-0.9338681582554097	[7.341706382101494,4.031555789251792,4.246079470427464]
0	115	1473	1480	10270	10277	0.20100746173571243	-0.34830720533674303	0.8852120772968323	[3.996194900108086,3.213927033738542,-1.1786445923695679]
0	116	1481	1488	10326	10333	0.5185515443803548	-0.10339314242485366	0.8324400684145983	[4.6832594556254215,2.1256585384109674,1.6449142312351537]
0	117	1489	1503	10341	10355	0.539834949873722	-0.534727666026708	0.605250087069515	[6.27855726320986,1.6686391129517246,4.356604016794472]
0	118	1504	1511	9864	9871	0.3100919183589371	-0.19711881902884415	0.9104308846021668	[9.636810277719995,-1.5599988166272605,8.16213465141936]
0	119	1512	1519	10388	10395	0.7336345036227471	-0.3566443427606009	0.5305191125814298	[10.780669800124901,-2.2580088519662507,11.12622561653278]
0	120	1520	1535	10404	10419	0.5400916154795701	-0.6209229080089641	0.5322783322305717	[13.123411796979372,-3.5177926734373255,12.90210661810639]
0	121	1536	1543	9928	9935	0.5980430989380304	-0.21518399504825686	0.7541492935671813	[16.634263475786234,-7.457656010778766,16.509703800565482]
0	122	1544	1550	10451	10457	0.6012972850913133	-0.3103444883465674	0.726442508336364	[18.582106050756,-8.395290009878867,18.96045581126008]
0	123	1551	1566	10466	10481	0.5977775636342578	-0.5217202175216838	0.5659029146230804	[20.208138724291047,-9.27064894196433,20.808357430463932]
0	124	1567	1574	9990	9997	0.6489408059159664	-0.4249389163527435	0.6091079649115342	[24.148742440417227,-12.671476671766449,24.487413718770018]
0	125	1575	1582	10514	10521	0.6140031604193581	-0.3232294583125664	0.6807196396190339	[26.29525047669015,-13.961285262470707,26.32378086283633]
0	126	1583	1597	10529	10543	0.4471216833288195	-0.5193016013146406	0.6810505679535488	[28.25735545634882,-15.043777182739213,28.574304510158196]
0	127	1630	1636	10522	10528	-0.5199909188380107	-0.004774481055519299	-0.844238205210177	[29.177461575335098,-18.791477799735283,33.055722565285755]
0	128	1637	1644	10044	10051	-0.44094371304785707	0.15278037911876274	-0.8553848832582968	[27.664441269166772,-18.847632373430592,30.60136367004995]
0	129	1645	1660	9998	10013	-0.5269381053660246	0.5638629452426687	-0.587756921908812	[26.1569884439798,-18.20348883113233,27.829412228157928]
0	130	1661	1667	10459	10465	-0.8245392011594176	0.16220584382444284	-0.5104121028154999	[22.697730456258807,-14.691273457686874,24.0141668902244]
0	131	1669	1676	9982	9989	-0.7040830485478812	0.3450759892850229	-0.6119744271445505	[20.384094354141823,-13.813809155777648,22.186458350203253]
0	132	1677	1691	9936	9950	-0.506004894785845	0.5373809207506731	-0.6491773317205941	[18.1285921612051,-12.60266351457366,20.23341810432781]
0	133	1692	1699	10396	10403	-0.8078244900283789	0.3838165947254417	-0.40634799503486324	[14.98863150435034,-9.452134090600193,16.349898410747873]
0	134	1700	1703	9924	9927	-0.5557819068924318	0.4131873838803075	-0.7036599225201914	[12.345818230136572,-8.262318683794266,14.963578426987633]
0	135	1708	1723	9872	9887	-0.39586717352009065	0.6112901048880642	-0.6320893247088871	[10.386717806487106,-6.663535113720885,12.82517143978712]
0	136	1724	1730	10334	10340	-0.6990514353312278	0.4629161689827232	-0.5326319283698833	[7.671579483694517,-2.8912618377654864,8.799376377550178]
0	137	1731	1738	9856	9863	-0.5710154615394561	0.28123340400852187	-0.7558459508859883	[5.685820826504278,-1.7247882096776486,7.147219256228604]
0	138	1739	1754	9810	9825	-0.5301970780831818	0.2433999389532227	-0.7946449148235535	[3.9722822043518144,-0.7800467359840093,4.707890116757712]
0	139	1755	1762	9770	9777	0.4857403189537229	-0.3787308244256618	0.7699023323312265	[-1.0375349513399317,-0.3558742435130419,0.42562541935305637]
0	140	1763	1770	9826	9833	0.6022754663986856	-0.33509110802931275	0.7089784439586725	[0.5083711836288147,-1.5961212781688547,2.8683694647598745]
0	141	1771	1785	9841	9855	0.42491533545252075	-0.5325917285736927	0.6954498528369287	[2.5913085139890417,-2.755749311738944,5.277756435132456]
0	142	1786	1793	9364	9371	0.4517502625110457	-0.3586681099316831	0.7622920901436776	[5.14066300772302,-5.849612981986533,9.533793985296658]
0	143	1794	1801	9888	9895	0.6507660043629521	-0.4892151286144538	0.5278993149640678	[6.802245966484806,-7.073291104434798,11.863455778973728]
0	144	1803	1817	9904	9918	0.4950017752065552	-0.49575053036387545	0.6821171585778882	[9.166954047111407,-8.812521936457614,13.902137778685121]
0	145	1818	1825	9428	9435	0.6336586368117023	-0.24283338407220215	0.7040508360512996	[12.19213150117956,-11.760665485185058,17.99591147591735]
0	146	1826	1832	9951	9957	0.7442245590841629	-0.4691394225550183	0.45608107180102325	[14.230994259885412,-12.746822667423299,20.365811370875907]
0	147	1833	1848	9966	9981	0.6669992813921325	-0.5647441406486685	0.41038863739250125	[16.386129147095296,-14.310959175585733,21.700087831701104]
0	148	1849	1856	9490	9497	0.7591935742499134	-0.3372646272789259	0.5395020729110379	[20.570155740717013,-17.841946860441936,24.394632584380236]
0	149	1857	1864	10014	10021	0.6852899606174871	-0.4726874961603942	0.5303031724196854	[22.918929871750546,-18.96054531816197,26.08330367336655]
0	150	1865	1879	10029	10043	0.6221017416643949	-0.4341323424522908	0.6114076331969928	[25.063711743770497,-20.53744977293949,27.753491438687277]
0	151	1892	1895	1908	1911	0.5314957621795148	-0.4076458516798675	0.7303540201406843	[26.91481157437704,-24.628664381865377,32.35341687898528]
0	152	1912	1918	10022	10028	-0.672744235826818	0.2671684397558612	-0.6752602300256427	[26.607559881675456,-24.534900635301334,32.0821355864458]
0	153	1919	1926	9544	9551	-0.7417571419464694	0.2689761590755281	-0.6051847864772243	[24.698547479040997,-23.68206790426114,30.244166234643053]
0	154	1927	1942	9498	9513	-0.608467080856811	0.5017366581801112	-0.569071269583742	[22.499479043391904,-22.800693937167843,28.354884713452204]
0	155	1943	1950	9958	9965	-0.6507751877909183	0.5603382321795375	-0.5026972190561813	[18.525013844886942,-19.475283384480978,24.743908929968242]
0	156	1951	1958	9482	9489	-0.6940680043140253	0.4081969616710131	-0.5589273344029835	[16.408165584413297,-17.757997526432963,22.940599735947295]
0	157	1959	1973	9436	9450	-0.5888215879106407	0.44406545973128025	-0.6419389966198138	[14.262972383389021,-16.396957854883738,21.153548379953243]
0	158	1974	1981	9896	9903	-0.5766459287427309	0.506229343264002	-0.6241943374921147	[10.724388882475901,-13.577097795625601,17.138897361489114]
0	159	1982	1989	9420	9427	-0.6287206314869394	0.31075264414538967	-0.6940038363715563	[8.843318837828507,-11.925683393097176,15.100232041425514]
0	160	1990	2005	9372	9387	-0.6000971778660236	0.5889716428256999	-0.4737009641889817	[6.8562398848208215,-10.888617581244972,12.86093525126915]
0	161	2006	2012	9834	9840	-0.5842776772050663	0.3495284558881581	-0.727291742670662	[3.027456834476366,-7.117441516244326,9.823616148287192]
0	162	2013	2019	9357	9363	-0.6170519369035676	0.1456285922580525	-0.7417822090245078	[1.3983022279901278,-6.184454486993802,7.646716128917898]
0	163	2021	2036	9310	9325	-0.34070347777916676	0.3221437654821238	-0.8609624431601348	[-0.6741515498999368,-5.292176113306127,5.45584561359477]
0	164	2037	2044	9270	9277	0.37557567533739505	-0.4324401319421553	0.8105667430152829	[-4.749627086118223,-4.6282238348515,0.9838491960589443]
0	165	2045	2052	9326	9333	0.5141252103386551	-0.35545313342820944	0.7606014678145616	[-3.569114567484378,-6.02031415900559,3.6278365882566668]
0	166	2053	2067	9341	9355	0.5359365870274437	-0.6229087915932398	0.5210755194036759	[-2.0081218676955053,-7.266458549125716,5.96135534484014]
0	167	2068	2075	8848	8855	0.6170514017409975	-0.2831348584093157	0.7230197518259923	[1.3771574266377358,-10.954692300503023,9.153165192767538]
0	168	2076	2083	9388	9395	0.6899645157828412	-0.37839324414832604	0.5922191951872273	[3.4649886532984544,-11.901923935241367,11.465513416725077]
0	169	2084	2099	9404	9419	0.6045306761690078	-0.4471561308983761	0.6197710325508603	[5.602773139501037,-13.133583792772635,13.412231878563293]
0	170	2100	2107	8920	8927	0.32037840704445525	-0.2785688520945494	0.8869710731701951	[9.590241079234428,-15.984486425941903,17.44834523377926]
0	171	2108	2114	9451	9457	0.6216047343780562	-0.2959890452026679	0.7097065573591029	[10.805771646687003,-16.873568404331845,20.391368050064422]
0	172	2115	2130	9466	9481	0.6127798849885551	-0.5804704609759379	0.4933310673223645	[12.534868697282885,-17.788630384174073,22.397133202629867]
0	173	2131	2138	8982	8989	0.5322413951845432	-0.4536221465614748	0.6860970161094905	[16.576531899189007,-21.568109819582098,25.582429165500283]
0	174	2139	2146	9514	9521	0.7755462853645184	-0.44000139612609784	0.4153167704179608	[18.35559084162672,-23.197350535394953,27.910417500569558]
0	175	2147	2161	9529	9543	0.5041191565304679	-0.8227308186928033	0.14266978522421545	[20.91254384342198,-24.727822706959415,29.323416811440886]
0	176	2169	2172	2176	2179	-0.7477016596210322	-0.4691280217355925	-0.45571624055407217	[23.41851785231077,-31.939571197739454,28.642621221490135]
0	177	2194	2197	9525	9528	-0.6849168204381874	0.6836920767801421	-0.21210120717414305	[22.43210720790555,-30.160083223887824,32.02148679276614]
0	178	2201	2208	9044	9051	-0.7825100587935075	0.46961225181476224	-0.37060080279591706	[20.532241787142127,-28.39742694367671,31.00112690817533]
0	179	2209	2224	8990	9005	-0.5038974913748335	0.5975814826985135	-0.5658006425730946	[17.941004423426577,-26.718084404371353,29.698879035537445]
0	180	2225	2232	9458	9465	-0.653679834417027	0.20150100065239476	-0.6872958948300146	[14.672912513869209,-23.097458705846527,25.85972310471053]
0	181	2233	2240	8974	8981	-0.4932827718769578	0.4822806231365697	-0.7091339791751451	[12.693580793379539,-22.36651444632472,23.651938118125234]
0	182	2241	2255	8928	8942	-0.5020492563641282	0.4517615850490855	-0.706864314130675	[11.16169476580613,-20.702128453206775,21.19318699034011]
0	183	2256	2263	9396	9403	-0.7050311770695474	0.41550233672241793	-0.5552180558766576	[8.04226672635125,-18.066209147318297,16.881656706716793]
0	184	2264	2271	8912	8919	-0.7371473946308379	0.4006054141249616	-0.5022414861063592	[5.8247295402582715,-16.641552351978476,15.004163370667662]
0	185	2272	2287	8856	8871	-0.6414688709234496	0.4837121976563223	-0.5612756506167762	[3.3891622650324322,-15.279157790978616,13.352245001535021]
0	186	2288	2294	9334	9340	-0.6876836642489982	0.5985085474951758	-0.3841065441907101	[-0.6398129291173015,-12.143480199746998,9.76191092805524]
0	187	2295	2302	8840	8847	-0.8055049090972195	0.20958282742756737	-0.5487917464953971	[-2.5722418699719984,-10.556157120102641,8.58230327276761]
0	188	2303	2318	8794	8809	-0.47550129755463055	0.3785133172914803	-0.766112936939636	[-4.975585016756556,-9.880651026016029,6.712117400915918]
0	189	2319	2326	8754	8761	0.3056937434303543	-0.6219537017601384	0.7005399269890159	[-9.623970706560804,-9.169161706777704,2.492529185847137]
0	190	2327	2334	8810	8817	0.6632591365385011	-0.28008780441651593	0.673092444172167	[-8.456397708336956,-11.171987629527921,4.8159694241422635]
0	191	2335	2349	8825	8839	0.6351740671842204	-0.439478793470201	0.5917243590008813	[-6.257439516315994,-12.123039439758701,7.052812111993935]
0	192	2350	2364	8873	8887	0.7242750152868501	-0.4078337698607459	0.4827369668412361	[-2.462303760125781,-14.780383774268145,10.669892832950545]
0	193	2366	2381	8896	8911	0.4126842759858646	-0.5343731335003521	0.6984456511531438	[2.2320169139670476,-17.477006365277973,13.792491950159626]
0	194	2382	2389	8428	8435	0.6115923064086859	-0.1740333189680003	0.7519032270162423	[4.852122548342386,-20.87387976693869,18.558991920747758]
0	195	2390	2396	8943	8949	0.7977928974224864	0.007857945381086731	0.5721342702903615	[6.847785713682682,-21.48344543142109,20.856461201021148]
0	196	2397	2412	8958	8973	0.46344692022582784	-0.4850715824648591	0.7168459513124397	[9.08529447850026,-21.490379173677987,22.668595674281768]
0	197	2413	2428	9006	9021	0.6574965041361523	-0.47398031708627286	0.5572013952208491	[12.120643612590996,-24.664785213310164,27.335927464981886]
0	198	2429	2443	9029	9043	0.4184872861474823	-0.6217813126489254	0.6059025735445243	[16.362092715578637,-27.90158778674268,31.120995861099857]
0	199	2477	2482	9022	9027	-0.5037517663286911	0.5496761096542182	-0.6512215387434777	[16.777641282163806,-31.037931546193406,36.336172004094244]
0	200	2483	2490	8512	8519	-0.5903575022580825	0.4946757870005782	-0.5949456602312102	[15.60923118991101,-29.677531062377234,34.7647391089792]
0	201	2491	2506	8106	8121	-0.5536275591314688	0.4468946844938113	-0.6637481161588085	[13.691679154470732,-28.067124113413175,32.88780549572086]
0	202	2507	2514	8950	8957	-0.5897520478252092	0.401125066058545	-0.6902422080342097	[10.127159883002314,-25.287999974611516,28.43526812688763]
0	203	2515	2522	8482	8489	-0.5841163472599681	0.20895289791565141	-0.7720838821164451	[8.381384915683451,-23.891959590482138,25.983652896605747]
0	204	2523	2537	8436	8450	-0.5917049154049379	0.11864762038994507	-0.7735683252431265	[6.362930611325147,-23.16826491854847,23.654699671780044]
0	205	2538	2545	8888	8895	-0.6994218583876234	0.5255577221481904	-0.44216100418257215	[2.8029006119455255,-22.431360966079218,18.907286210823486]
0	206	2546	2553	8420	8427	-0.6577107562578535	0.5052239851358699	-0.5395605813474349	[0.5987776950412046,-20.661987216002274,17.411551631560453]
0	207	2554	2569	8066	8081	-0.5371691835941339	0.4675326418063957	-0.6784589384590682	[-1.3787736417423433,-18.99302001484294,15.592430073059269]
0	208	2570	2576	8818	8824	-0.5642973578318201	0.37684300504115725	-0.7198520142632852	[-4.90413524656474,-16.015929691548468,11.03728658515303]
0	209	2577	2584	8388	8395	-0.5585213317120149	-0.053188252380182745	-0.8186456279006248	[-6.423002893153946,-14.842848264788039,8.864686606855265]
0	210	2585	2599	8343	8357	-0.5590666656320359	0.3483617861351401	-0.7103204628817427	[-8.196938865761727,-15.028125423623848,6.2276421964568955]
0	211	2601	2608	8302	8309	0.514126683448083	-0.4838485206024246	0.6915957427602744	[-13.307457914208282,-14.229865681525887,2.7943106734522027]
0	212	2609	2616	8358	8365	0.6472123589843298	-0.3318153353834864	0.6622902302155091	[-11.574264184916196,-15.823894363526186,4.952359426261041]
0	213	2617	2631	8373	8387	0.34031383367004153	-0.37196353777768615	0.8378829629389346	[-9.472482211233686,-16.871225482940226,7.193646678909467]
0	214	2632	2647	8082	8097	0.6468099779002389	-0.20140398984111504	0.6935172418792669	[-7.143803429396286,-18.92705158738933,12.21044190301075]
0	215	2648	2663	8404	8419	0.5594809620419456	-0.3766041939208845	0.7198365853548953	[-2.9923520438414686,-20.460243827687137,16.703102087035226]
0	216	2664	2671	7896	7903	0.7018612281655612	-0.16327815025864872	0.6661550753148748	[0.6659918515866503,-22.884144446751257,21.382943565471862]
0	217	2672	2678	8451	8457	0.6812211353037934	-0.31750005417621824	0.638086884985019	[2.9916611107978692,-23.489376231113404,23.47371176750275]
0	218	2679	2694	8466	8481	0.36307251958310277	-0.5697878458467093	0.6996065971221874	[4.836441492930987,-24.41976055705659,25.31156038020812]
0	219	2695	2710	8122	8137	0.7899084324451063	-0.2812953493496306	0.5065042557884566	[7.260193634061254,-28.11767479970321,29.768812019265972]
0	220	2711	2724	8498	8511	0.41020708246088133	-0.8535119567418836	0.2510754247181809	[12.258432178587015,-30.13857954965981,33.015290514201126]
0	221	2758	2764	8490	8496	-0.7267468959875965	0.6775649666807843	-0.03021415899847696	[12.623618827718945,-35.97128729331835,36.5839068438941]
0	222	2765	2772	7980	7987	-0.6769807038658248	0.4860515526446857	-0.5400089966313878	[10.556414270153434,-34.034725735803804,36.36284961177794]
0	223	2773	2780	7536	7543	-0.4185354403207248	0.5190535086256264	-0.7356623350863936	[8.462524506785147,-32.4719941852592,34.617710310582495]
0	224	2781	2788	8138	8145	-0.4063180945926367	0.34977204440825765	-0.8369652700639578	[7.0238863077940445,-30.73834857419193,32.1262237253163]
0	225	2789	2796	8458	8465	-0.740200429405974	0.2752099563340118	-0.5946636678384252	[5.594375526920302,-29.6576533763025,29.37894048455928]
0	226	2797	2804	7950	7957	-0.6697569094016306	0.29856433473464355	-0.6544647956053637	[3.3047644456380016,-28.503408494788285,27.527120671465724]
0	227	2805	2819	7904	7918	-0.4504293307759856	0.5359403179256754	-0.6844249821787655	[1.2269272123716275,-27.493487207935424,25.39420406608811]
0	228	2820	2827	8396	8403	-0.7081848508367271	0.47494230630197404	-0.4966480583666429	[-1.4902790752793955,-24.274776210715785,21.222814761215382]
0	229	2828	2835	7888	7895	-0.7780320236467629	0.24971344185257097	-0.5325268596630669	[-3.8004609122285693,-22.815248398563504,19.68420436857384]
0	230	2836	2843	7394	7401	-0.4589114808860666	0.34401176651573423	-0.8048379790754909	[-6.241684008816447,-21.848287656641975,17.888794933471218]
0	231	2844	2851	8098	8105	-0.49575562853925387	0.2792651650625682	-0.7821079938790664	[-7.7756350667614615,-20.744087399977317,15.40418534057551]
0	232	2852	2858	8366	8372	-0.7156552818961398	0.3130963891574772	-0.5863999869740552	[-9.501083826852682,-19.890753313901676,12.922315196366522]
0	233	2859	2866	7856	7863	-0.5091709027310501	0.29500250730364164	-0.7902741221320518	[-11.469206433867381,-19.087110613439833,11.19484458970549]
0	234	2867	2882	7810	7825	-0.6484427045253153	0.4854783866844283	-0.5484087885407912	[-13.168123625360089,-17.995370988625076,8.827081586589713]
0	235	2883	2890	7770	7777	0.6214318440147485	-0.5508926177981416	0.5332555619665648	[-19.08154763529649,-16.30072378384806,6.229054189516748]
0	236	2891	2898	7826	7833	0.7330896437372232	-0.4384611579981179	0.49304244623646365	[-17.078262336911546,-18.121463799262045,7.881025014637517]
0	237	2899	2913	7841	7855	0.5345496870736867	-0.4861763771865869	0.6281299206861987	[-14.771592222100626,-19.638789477409134,9.460605186483903]
0	238	2914	2929	7402	7417	0.5603795053205229	-0.16627517774860562	0.7685734347380367	[-11.609444429105563,-22.52609537776367,13.321810995156198]
0	239	2930	2945	7872	7887	0.5839663136788237	-0.5652717716932895	0.5370956479085641	[-7.967704447119397,-23.731571149775913,18.418659772403714]
0	240	2946	2953	7474	7481	0.6326927485123687	-0.2774824603207811	0.7145550043119978	[-4.2003011868268345,-27.349256174719336,21.76474361506176]
0	241	2955	2960	7919	7924	0.6731228277817383	-0.33064557314854676	0.6254707023041775	[-1.855736244917943,-28.63448277073588,24.23153435611038]
0	242	2961	2976	7934	7949	0.5172790411530946	-0.5373693375655609	0.6279592897859085	[-0.2666537945241601,-29.447552147145128,25.795965444076376]
0	243	2977	2992	7544	7559	0.7300033481110653	-0.2669362922085134	0.58239264208894	[3.172165166026686,-32.89825706214729,29.90310947554286]
0	244	2993	3008	7964	7979	0.372346667787079	-0.7987149428969654	0.23838519530662677	[7.884438282464168,-34.772253675898426,33.44671491310798]
0	245	3041	3046	7958	7963	-0.8314445379603193	0.340574147892208	-0.4112024995575694	[9.182396039677553,-41.420815472416905,36.02757060547211]
0	246	3047	3054	7606	7613	-0.42184286082774963	0.5509659865251545	-0.6957823403169924	[7.2135471701081535,-40.27482991833185,35.026830464820314]
0	247	3055	3070	7560	7575	-0.6034823400720647	0.5442503502018814	-0.5286053414219207	[5.89164744244425,-38.48650340966404,32.84156432232284]
0	248	3071	3078	7926	7933	-0.6180375475942992	0.28716752887941804	-0.7097270573752147	[1.8945999470355162,-35.03861409188251,29.391078988579203]
0	249	3079	3086	7528	7535	-0.5441266151643718	0.5443243189737882	-0.6206983371898648	[-0.025940814716585464,-33.8810366488819,27.131921756097555]
0	250	3087	3101	7482	7496	-0.5652360955439305	0.4099867547138282	-0.6705669520039911	[-1.7957144408117314,-32.00339748081407,25.14597886533658]
0	251	3102	3109	7864	7871	-0.8363760128008274	0.41300098733600005	-0.3407031772242682	[-5.371177481376449,-29.407928579460794,21.000397127624776]
0	252	3110	3117	7466	7473	-0.6198603869403408	0.28056676836871103	-0.719960607790128	[-8.067375348724042,-28.003721268239815,19.822101853863227]
0	253	3118	3133	7418	7433	-0.5584280452675922	0.4231329825580239	-0.6796795838792006	[-9.904540472757605,-26.950707379346618,17.472847705336303]
0	254	3134	3140	7834	7840	-0.6747568695349676	0.4413780734624764	-0.5721863911573839	[-13.573418119591372,-24.210830658529055,13.04096710320741]
0	255	3141	3148	7386	7393	-0.5005999288212545	0.388004658600508	-0.7392118443935959	[-15.49034750624812,-22.954999760497547,11.384403431954178]
0	256	3149	3164	7340	7355	-0.5372128136445333	0.3093289898507416	-0.7594171584948807	[-17.041450592337604,-21.768775168912732,9.002315967724893]
0	257	3165	3172	7300	7307	0.5805796031243291	-0.4926784138326791	0.6351979022817453	[-21.665220259383087,-21.84209352825274,4.505704004615794]
0	258	3173	3180	7356	7363	0.655981179059248	-0.2661407636369625	0.6930191322542864	[-19.71794866491858,-23.37450418870937,6.562280401357878]
0	259	3181	3195	7371	7385	0.44803435824406446	-0.6069947731380055	0.6150109471312949	[-17.65659283187138,-24.329934349159444,8.727717234992308]
0	260	3196	3203	6957	6964	0.5129459781139801	-0.15029790240862279	0.8398282614147402	[-14.82630189460238,-27.970131625834405,12.580551705661836]
0	261	3204	3211	7434	7441	0.6635220206715012	-0.2713346753041054	0.6898133409528613	[-13.113274124839112,-28.485016417041102,15.325798414873585]
0	262	3212	3227	7450	7465	0.48625870627763096	-0.2879664007425939	0.7986281798604431	[-10.967993452556154,-29.41844848562131,17.594684737837454]
0	263	3229	3235	6989	6995	0.6504662238387301	-0.4083456485652626	0.5536810421056059	[-7.429305736775476,-31.225347896144562,23.00318492242795]
0	264	3236	3242	7497	7503	0.7955793769846441	-0.510023346023479	0.16774149733560537	[-5.471565300139398,-32.49175647345058,24.535683599312325]
0	265	3243	3258	7512	7527	0.49182435199694197	-0.626906201399158	0.5476772590802536	[-3.317562911290727,-34.096834726552416,25.081212896682956]
0	266	3259	3266	7020	7027	0.6917710790707651	-0.3346387119365931	0.6231161735070885	[0.010743625204187757,-38.277524511281825,28.546547077224723]
0	267	3267	3274	7576	7583	0.8404501871270055	-0.3504042358643466	0.37265438593051164	[2.399881186597459,-39.462005683720186,30.522283828091872]
0	268	3275	3289	7591	7605	0.901913176478517	-0.38259555266901646	0.09338161837678365	[5.103164025468814,-40.58255939915745,31.672099252139]
0	269	3322	3328	7584	7590	-0.9404843813540035	0.29105315159562545	-0.11352135205105159	[9.28425549318715,-45.13003081448838,31.699078601049838]
0	270	3329	3352	7028	7051	-0.8264565911540341	0.43128223421481315	-0.27903342992487035	[6.666762667780277,-44.36051657034435,31.30792175444595]
0	271	3353	3360	7504	7511	-0.8527638473832791	0.4550887617966746	-0.21292274997643273	[-1.5231249245306986,-40.22381846194959,28.58121960678913]
0	272	3361	3383	6997	7019	-0.42439449731164325	0.5725493555749284	-0.6641559738951551	[-4.237869598559946,-38.836034915213645,27.850349755856254]
0	273	3384	3391	7442	7449	-0.5761545148419206	0.17773736867872042	-0.7866782810328974	[-8.201164302361232,-33.46254722978557,21.527177853405597]
0	274	3392	3415	6965	6988	-0.653550829698803	0.30188225703857946	-0.6712889240119426	[-10.080746420259539,-32.825567252565406,18.959328809158187]
0	275	3416	3422	7364	7370	-0.6745494671773388	0.3261181431352882	-0.6449355251533181	[-16.34638986634897,-30.053198071096617,12.509127156205071]
0	276	3455	3477	6934	6956	-0.5244037958354508	0.49940352185481596	-0.6572495442440952	[-27.233268723747724,-23.623465947650978,3.8182693051568113]
0	277	3478	3485	7224	7231	-0.7304150750189825	0.3995734467102891	-0.5263371389761042	[-32.132400100667795,-18.948435868435823,-2.2551904618023846]
0	278	3486	3494	6917	6925	-0.7071633947947208	0.44890503769986106	-0.5107273416801698	[-34.44850922510261,-17.577044353826686,-4.073041565701352]
0	279	3496	3499	6912	6915	-0.4681629457824823	0.4707293284235741	-0.7346057873296603	[-37.222496202692206,-15.895224757600644,-6.221863929102371]
0	280	3501	3509	6902	6910	-0.25633381897287044	0.845010286770047	-0.4435165826153612	[-38.23580169141191,-14.808214988433164,-7.521125128591059]
0	281	3510	3516	7162	7168	-0.6875446233551039	0.6083473182357253	-0.3705863957908548	[-39.368819856997106,-11.765126288786567,-9.408542593476952]
0	282	3517	3540	6870	6893	-0.6620540063800672	0.5009939768156868	-0.47875913410794346	[-41.355156021445026,-10.109196421490036,-10.529603001345698]
0	283	3541	3548	7082	7089	-0.7622024050102549	0.48698906738367365	-0.36950578411934176	[-47.78892018197308,-5.236826346072926,-15.180597963039467]
0	284	3549	3571	6839	6861	-0.5805389542257277	0.4764707311211558	-0.586969222628677	[-50.12480188874349,-3.740864111812945,-16.411011951458484]
0	285	3579	3582	3593	3596	0.21926312547262364	0.9170860730463772	-0.2806277907882972	[-54.45657965130399,3.1297266814425666,-24.34199682311234]
0	286	3604	3611	6831	6838	0.8319516320456894	-0.4177573600250744	0.2998846307384198	[-54.197295729637176,2.456779525674852,-21.20504599365664]
0	287	3612	3618	7075	7081	0.8322033951738691	-0.4237179239520139	0.2084801465762788	[-51.67205798325363,1.1070005746761522,-20.289896670796047]
0	288	3619	3634	7090	7105	0.5489601686138335	-0.6111112144233776	0.5358791097463571	[-49.38709322873035,-0.16513279783111767,-19.608028092330954]
0	289	3635	3642	6862	6869	0.7331663074501725	-0.5856938766660307	0.299894695906918	[-45.664122987438375,-4.260897466557309,-16.141358298492026]
0	290	3643	3650	7154	7161	0.7301627655955508	-0.5540414182743714	0.34154673871104474	[-43.415504818352105,-6.28893711978677,-15.157001669519241]
0	291	3651	3665	7169	7183	0.6051590451395947	-0.5150207318956332	0.5888285567688287	[-40.981056562629206,-8.20714966105878,-13.973429786747904]
0	292	3666	3673	6894	6901	0.5578810311290823	-0.16801984223528255	0.7964942218247938	[-37.274223063026945,-11.316142532992057,-10.342587408474222]
0	293	3674	3681	7216	7223	0.6294868701896205	-0.38730393851089395	0.6443252101680524	[-35.4673765560985,-11.937922707760922,-7.823971511457605]
0	294	3682	3697	7232	7247	0.4543365350427912	-0.696959491598048	0.5197264964456877	[-33.43963647014333,-13.211162711919268,-5.704675764463232]
0	295	3698	3705	6926	6933	0.7540806281349077	-0.13677794475061242	0.6172270656403128	[-30.35328510331974,-17.645213097506513,-2.4983869865923]
0	296	3706	3712	7293	7299	0.7807595893198588	-0.048510119053576856	0.5519337379290669	[-27.880027852072082,-18.2943591660463,-0.40487479972857593]
0	297	3713	3728	7308	7323	0.6488677119183	-0.5131110462420024	0.5275359098752271	[-25.823873000849023,-18.59112720761074,1.1992619805891565]
0	298	3729	3736	7332	7339	-0.5918762398428227	0.5871248920377786	-0.5266100010418027	[-20.519943017961054,-19.700454395556488,4.076711146860284]
0	299	3737	3744	7324	7331	-0.6799381937073942	0.4137077816010612	-0.5713945153968882	[-22.337288061598045,-17.819206742673078,2.4117564410170065]
0	300	3745	3759	7278	7292	-0.5423215051049378	0.3688735531193429	-0.6974625669884115	[-24.420682522508102,-16.555747750777485,0.48888948661847004]
0	301	3760	3767	7738	7745	-0.7343842963038393	0.6420009134466925	-0.12956712521152586	[-27.7380305248668,-14.226601974802783,-3.6264465162836803]
0	302	3768	3775	7248	7255	-0.6137452849392108	0.2163010734809543	-0.7371326785529063	[-30.10554731607364,-12.03248120141345,-4.145165912769385]
0	303	3776	3791	7200	7215	-0.5758746174524367	0.4697038717324045	-0.6354320973370956	[-32.14479821101948,-11.342957668187143,-6.621040833345422]
0	304	3792	3798	7676	7682	-0.6752244722358772	0.5029588183002822	-0.5186784829177946	[-35.915892461688756,-8.348736082923127,-10.600101966201159]
0	305	3799	3805	7185	7191	-0.6446117777721333	0.3101470715360504	-0.6753403852246175	[-37.74239290890908,-6.883225696690536,-12.072099751481908]
0	306	3807	3822	7138	7153	-0.610237829612976	0.5450511214226779	-0.537393748227491	[-39.89392861123389,-5.8387309283344315,-14.175250537633836]
0	307	3823	3830	7644	7651	-0.7272971561408464	0.6199132013545673	-0.21811751995943376	[-43.842033866046556,-2.2441286080070553,-17.651855846429925]
0	308	3831	3838	7106	7113	-0.5187160635021127	0.43496108270074807	-0.7175374937062208	[-46.059480273538995,0.005615250570075572,-18.46488263648324]
0	309	3839	3853	7060	7074	-0.3205493437421246	0.34327067783325294	-0.8670125615829322	[-47.64282854852379,1.357266775501429,-20.790677223906762]
0	310	3886	3893	7052	7059	0.7008490189128204	-0.1387755487009232	0.6759885659246859	[-48.10996323829107,4.89030699399307,-25.58270457315396]
0	311	3894	3900	7637	7643	0.5038650076669914	-0.5765916670649988	0.6079202609455988	[-45.869727975021775,4.334239443137767,-23.287697980076892]
0	312	3901	3916	7652	7667	0.3997174571839005	-0.5425930526660575	0.7063085972416377	[-44.52345317907209,2.7023737934196337,-21.640034393168357]
0	313	3917	3932	7122	7137	0.7229975929414861	-0.42156847632659095	0.5168636505988423	[-41.98958216640905,-0.6454541108642843,-17.255419098114757]
0	314	3933	3947	7683	7697	0.5823324158341306	-0.6162054385632516	0.47906678108741335	[-37.10151660848875,-3.4536349469085925,-13.804136827898258]
0	315	3948	3955	7192	7199	0.5062552661318473	-0.3275763531295023	0.781680212924839	[-33.61289397537888,-7.102567329691693,-10.869177923187138]
0	316	3956	3963	7730	7737	0.7765318734525456	-0.2667659059527177	0.5579122329831295	[-31.91519138754701,-8.113370493616285,-8.480202291513287]
0	317	3964	3979	7746	7761	0.5242750100861008	-0.5583302987835672	0.5966754711538224	[-29.467734814343544,-9.06723123909082,-6.77267393350882]
0	318	3980	3994	7263	7277	0.5756582625950858	-0.09000887151423419	0.7856879390602873	[-26.09033911758767,-12.471520219987205,-2.826643974261255]
0	319	3995	4010	7778	7793	0.5463610016214482	-0.4750295748343761	0.6682883917382504	[-22.666205917543614,-13.140187397543116,1.8891563760659729]
0	320	4011	4018	7802	7809	-0.47515789891565025	0.5791349874093742	-0.6427083138135091	[-17.33489103129929,-14.795449778450761,5.164822212348488]
0	321	4019	4026	7794	7801	-0.6228109889860693	0.3074405522570829	-0.6960041134174503	[-18.863067624866694,-13.087627307271731,3.0040131343441403]
0	322	4027	4033	7256	7262	-0.35009808085310806	0.19416660413049422	-0.9019765581841428	[-20.734700102216173,-12.124533220203986,0.67365000685848]
0	323	4034	4041	8058	8065	-0.5154476758509815	0.4322926953456953	-0.7135701195836684	[-21.794936933118628,-11.518178859979365,-1.8463313808665234]
0	324	4042	4049	8270	8277	-0.753273971123062	0.47795723104814236	-0.39805013799123007	[-23.556221596388962,-10.126466722790731,-4.105153472996614]
0	325	4050	4057	7762	7769	-0.6852592091082237	0.4766926707304618	-0.5064163608853082	[-25.880812466305215,-8.564857046244807,-5.491806653414185]
0	326	4058	4073	7714	7729	-0.5932795720894907	0.6441913206660436	-0.46638946056046726	[-28.118774313685968,-6.886476189819101,-7.162046649330378]
0	327	4074	4080	8208	8214	-0.7166862651824757	0.3203597984983306	-0.6018460915486351	[-32.13091343366617,-2.6420848496604705,-10.276708750672597]
0	328	4081	4088	7698	7705	-0.5513542693410417	0.1245208067783126	-0.8055328354534934	[-34.15904931426104,-1.7318556649370418,-12.038831565597347]
0	329	4089	4096	7114	7121	-0.21524652675444664	0.37688601288119955	-0.8823525449548628	[-35.79576831120926,-1.3115293359325297,-14.647812239389765]
0	330	4097	4104	8020	8027	-0.5346149971838915	0.6316346322634872	-0.5418714135519754	[-36.60735323113821,-0.1036725128659158,-17.51495063680631]
0	331	4105	4112	8176	8183	-0.6461921862304989	0.5334401283400098	-0.5136441678644933	[-38.36120066091232,1.8114922652709144,-19.216855448872174]
0	332	4113	4120	7668	7675	-0.6590979934065159	-0.003602544616038613	-0.7438930095998402	[-40.602401948982106,3.4077370899734625,-20.943138400983294]
0	333	4121	4135	7622	7636	-0.39041356785439085	0.07018964617473425	-0.8965640604233176	[-42.61838552450514,3.3173732603118484,-23.355529863017317]
0	334	4168	4175	7614	7621	0.6950213440097145	0.22480321295200342	0.6591098822166178	[-43.56285951077511,5.762806647597139,-28.998020759506552]
0	335	4176	4182	8169	8175	0.7279849647422664	-0.24260892997590822	0.6305792227236287	[-41.5530109520044,6.343105503106123,-26.67073830342794]
0	336	4183	4198	8184	8199	0.5021112946121455	-0.39751943498440706	0.7261894357593316	[-39.603559987979565,5.491347906825636,-24.801489971080834]
0	337	4199	4214	8004	8019	0.580986412162163	-0.21266808789651354	0.7627609145798651	[-36.31763298466161,2.9481416171108488,-19.971782548424123]
0	338	4215	4229	8215	8229	0.46627302802245	-0.4831893932081985	0.708394717593046	[-32.76661555226574,1.4993027458552524,-15.030689919279773]
0	339	4230	4237	7706	7713	0.7731567027339855	-0.2867545877020789	0.5236914416251576	[-29.935002958708374,-1.36742217445311,-10.769937294738794]
0	340	4238	4245	8262	8269	0.6403091974513637	-0.6430123586149136	0.39712239423575585	[-27.367378137192674,-2.4078411602733754,-9.159864837283703]
0	341	4246	4261	8278	8293	0.5678726129944438	-0.6276681488762	0.48042331003712324	[-25.081699557350966,-4.688855434634089,-7.799572316554277]
0	342	4262	4276	8043	8057	0.7412084123918117	-0.3284885286395213	0.552983165654766	[-21.3632019619063,-8.811088402862671,-4.738693502510162]
0	343	4277	4292	8310	8325	0.5572622138144762	-0.5230964469451885	0.6261449337945512	[-16.904142213180474,-10.851044633805285,-1.2640702841981393]
0	344	4293	4300	8334	8341	-0.39735743404703827	0.5840375933715828	-0.6905386785285705	[-11.873502446184482,-12.759038710236137,1.545457367633679]
0	345	4301	4308	8326	8333	-0.677143576437172	0.40980925054204664	-0.5964324560289403	[-13.212234602808007,-10.754385139757908,-0.7420159280107472]
0	346	4309	4323	8028	8042	-0.5275012455962488	0.5830284657061716	-0.5862549513887122	[-15.350035097318603,-9.400745942579757,-2.690649329475015]
0	347	4324	4331	8684	8691	-0.7432915601455624	0.4627966172804902	-0.4480973146316733	[-18.590225436174713,-5.986396075014987,-6.2807262735880975]
0	348	4332	4339	8294	8301	-0.7958672339410712	0.5037084336104446	-0.3109651954774554	[-21.05400085578102,-4.3114926652891725,-7.701292375469583]
0	349	4340	4355	8246	8261	-0.4743925062508937	0.5239953413466049	-0.6772425660852516	[-23.612870270190804,-2.6421259796679823,-8.77470604050577]
0	350	4356	4362	8622	8628	-0.7370930601105465	0.5768166450995004	-0.31180425342198653	[-26.839362802058766,0.7436987717241502,-13.176246829109687]
0	351	4363	4370	8230	8237	-0.8248969188128357	0.3767397432083696	-0.40803300424086913	[-28.97658541090547,2.371420054480842,-14.069117953512974]
0	352	4371	4386	7988	8003	-0.5503569985185588	0.437435859286935	-0.6888556582660303	[-31.58261753564817,3.5913092131556854,-15.479432678297929]
0	353	4387	4394	8550	8557	-0.456070986769916	0.050312518913118554	-0.8722343358019119	[-35.26815652702328,6.482654663055081,-20.230681110214576]
0	354	4395	4402	8200	8207	-0.28631866096478525	0.12241960210409296	-0.9036572531403424	[-36.71114851514329,6.470518721803863,-22.928482079862235]
0	355	4403	4417	8154	8168	-0.3375423874354818	0.31413546163860007	-0.8683692660404704	[-37.68042894937893,7.077055701551039,-25.822692408439636]
0	356	4450	4457	8146	8153	0.678247822455756	0.005254494077608751	0.6775332457545156	[-38.40344234455419,10.854577677290496,-30.740125787270085]
0	357	4458	4464	8543	8549	0.41547672426831195	-0.25901513216066474	0.8654834936086636	[-36.4082091944451,10.747840820948738,-28.509381126338226]
0	358	4465	4480	8558	8573	0.36552142727928083	-0.43787375688070024	0.8002171273483364	[-35.19390204525071,10.041640729625218,-26.13304506718692]
0	359	4481	4496	8606	8621	0.7350701534437315	-0.3128322645983008	0.5352222451847058	[-32.57883244940899,7.201612772601167,-20.907965309786768]
0	360	4497	4511	8629	8643	0.531865748011349	-0.4979031175841073	0.6576839617864613	[-28.049995914671413,5.107845257077548,-17.566536009186777]
0	361	4512	4519	8238	8245	0.6458457861649984	-0.4480156048325902	0.5733288245720526	[-24.676168843394834,1.972808926852664,-13.482617570744974]
0	362	4520	4527	8676	8683	0.734249704690616	-0.5813365100468288	0.3030393162692269	[-22.585647631408065,0.42724833375380467,-11.707850054236193]
0	363	4528	4543	8692	8707	0.5964034586721674	-0.44409082530336513	0.6362046653499156	[-20.332954683031673,-1.4386670037374225,-10.62007901214152]
0	364	4544	4558	8739	8753	0.5722267573238184	-0.19831580428361686	0.7762664111611752	[-16.48899890658395,-4.176631052362811,-6.5726381973955394]
0	365	4559	4574	8762	8777	0.519843580108332	-0.5485253274263827	0.6273313429943729	[-12.993780018979802,-5.553043772154908,-1.6714008719898663]
0	366	4575	4582	8786	8793	-0.434035618951716	0.6457181179883099	-0.6091042560038673	[-7.947194187622593,-7.401651165941638,1.9873442498534504]
0	367	4583	4590	8778	8785	-0.5487815605763745	0.41417271436693465	-0.7055085680197709	[-9.411819220733989,-5.451537786944272,-0.04436553541067287]
0	368	4591	4603	8726	8738	-0.4569440320376061	0.4381846307718377	-0.7615683796930376	[-11.138975084533541,-4.09038816177861,-2.379964481649227]
0	369	4606	4613	9208	9215	-0.7206175952292152	0.2969457165052986	-0.6000973653085515	[-14.30968471782661,-1.4477957580181693,-6.888098439808094]
0	370	4614	4621	8708	8715	-0.7711977418422847	0.3093254764231817	-0.5348859451757001	[-16.562613623777757,-0.3191859353836709,-8.821036962036665]
0	371	4622	4637	8660	8675	-0.5155425912532158	0.508398572597644	-0.6681740464773291	[-18.96546855516781,0.7711271634138911,-10.616749227641417]
0	372	4638	4644	9146	9152	-0.8229114268088501	0.42158797545043475	-0.3168105473057911	[-22.374412932684365,4.027930095596501,-14.913828744588585]
0	373	4645	4652	8644	8651	-0.650775246773459	0.553622645902533	-0.5006992041519978	[-24.684319340840222,5.306982494519832,-15.847459115057553]
0	374	4653	4668	8590	8605	-0.5739710850556267	0.5853767323599448	-0.5132778568007028	[-26.64838445682752,7.059056261354538,-17.57438686087252]
0	375	4669	4676	9082	9089	-0.5995781059640587	0.21496435609601958	-0.7208539560447119	[-30.439163603843824,10.692904080661279,-20.908431195845246]
0	376	4677	4684	8574	8581	-0.31381816699384474	0.011113933986403254	-0.9406540044173417	[-32.3381264039884,11.334336702467734,-23.412899376000425]
0	377	4685	4699	8528	8542	-0.09033909203587766	0.07436712904208385	-0.9703168689593562	[-33.251151270662945,11.312154233666737,-26.504267560893148]
0	378	4732	4739	8520	8527	0.14730548645188635	0.0014166652665867213	0.9764495207923783	[-33.55589294486833,14.053067844807845,-32.35956193051999]
0	379	4740	4746	9075	9081	0.42229272945416124	-0.027506526030780753	0.8898239781617026	[-32.95554773461363,14.051942548850956,-29.19247626819163]
0	380	4747	4762	9090	9105	0.4587447170779289	-0.19203671267342678	0.8437963000409388	[-31.73091866396952,13.838950274335492,-26.648064679866103]
0	381	4763	4770	8582	8589	0.6617547078630371	-0.3275258795942963	0.6506003858667586	[-28.734022949378854,12.575202960767733,-21.373189792046603]
0	382	4771	4778	9138	9145	0.701080849861467	-0.541288991170641	0.4400237548070192	[-26.61500535887127,11.441241329547104,-19.25422335329136]
0	383	4779	4793	9153	9167	0.5833166770628535	-0.6167894790181466	0.4711552530652883	[-24.268217701101598,9.61988664626449,-17.848796047787026]
0	384	4794	4801	8652	8659	0.5758334110982181	-0.21051807289541108	0.7777126409101282	[-20.71285255907582,5.842131972755478,-14.792563920693969]
0	385	4802	4809	9200	9207	0.7416724739056801	-0.3747597211005659	0.4993505312575404	[-18.751678755803393,5.122104797962036,-12.307446579295277]
0	386	4810	4825	9216	9231	0.5683184251198977	-0.5396996695918669	0.5815775584595001	[-16.358321714068513,3.721744230759235,-10.630966802703997]
0	387	4826	4833	8716	8723	0.8028489752307623	-0.37034225430923406	0.45986728245978475	[-12.56898311923707,0.3656366748280787,-7.1253995322456465]
0	388	4834	4840	9263	9269	0.6392602445800564	-0.11646823665937522	0.7231807812726704	[-9.906654000612361,-0.8252741960799674,-5.489069557045183]
0	389	4841	4856	9278	9293	0.5195277453813525	-0.5197445626606872	0.6384989857358563	[-8.173116795795163,-1.1540248394428194,-3.326321483693037]
0	390	4857	4864	9302	9309	-0.3855280303289815	0.39150587824300337	-0.7993921276147773	[-2.999104517947959,-3.2770268897741097,-0.03447133665812542]
0	391	4865	4872	9294	9301	-0.6159903077575366	0.5739633091255537	-0.5087147490523486	[-4.26947021557549,-1.9258695546895637,-2.66889044823919]
0	392	4873	4887	9248	9262	-0.5634475893339987	0.4583734352746621	-0.6677204606341348	[-6.2271461858916215,-0.02444300039156394,-4.425903972121882]
0	393	4888	4895	9708	9715	-0.7459512421209532	0.4536607197282965	-0.42960332959098185	[-9.78413333213146,2.6109748118204523,-8.408243950192599]
0	394	4896	4903	9232	9239	-0.80897916830694	0.44055142882819803	-0.35436447976487984	[-12.229171439161906,4.2497175392833215,-9.84710635859538]
0	395	4904	4919	9184	9199	-0.6399233276433842	0.5127268851618971	-0.5265943617142125	[-14.851271928264124,5.793334412751062,-11.025157614792352]
0	396	4920	4926	9646	9652	-0.7063884380173371	0.4430848208985023	-0.5368744476447379	[-19.05622699734179,9.177460416810813,-14.376119924236177]
0	397	4927	4934	9168	9175	-0.6234033967608205	0.38177459383752643	-0.637850738491374	[-21.044624303781987,10.575510782531579,-15.936717229782634]
0	398	4935	4950	9122	9137	-0.40394281405184596	0.23200673795817575	-0.8586644301044972	[-22.938025614685614,11.92819564715759,-17.927161901814365]
0	399	4951	4958	9582	9589	-0.7613483798529227	0.38456391491679737	-0.47621050782582436	[-25.63404094931613,13.415211565147695,-23.362004200961728]
0	400	4959	4966	9106	9113	-0.7060355980610791	0.3350578552235188	-0.6026521335964931	[-28.105355032666544,14.732952011829145,-25.01866598961111]
0	401	4967	4981	9060	9074	-0.3485273480726592	0.524330172061639	-0.7495504829337433	[-30.178031914813303,15.69575855928484,-27.129705234204778]
0	402	5014	5021	9052	9059	0.6467558217601088	-0.3998693569791434	0.6145579909488832	[-31.65554030224878,20.786097840304556,-31.00901696004845]
0	403	5022	5028	9575	9581	0.7853800525523531	-0.2378928027812378	0.5408215881097412	[-29.50245540458758,19.51405001379396,-29.03894093929029]
0	404	5029	5044	9590	9605	0.5603837093463964	-0.5993539014573986	0.5182785179366228	[-27.484120367453862,18.762083450609808,-27.42362605236842]
0	405	5045	5052	9114	9121	0.5758049100084076	-0.3026161860641866	0.7433861066448015	[-23.756117571887557,14.790847063058958,-24.023045180400455]
0	406	5053	5060	9638	9645	0.6723829212118783	-0.2876409142721146	0.6706855919679188	[-21.85393530422275,13.854418431111098,-21.646725478383317]
0	407	5061	5075	9653	9667	0.46412978552920076	-0.3826707690666357	0.7680308421397334	[-19.664787248093845,12.79874086402779,-19.27278346635453]
0	408	5076	5083	9176	9183	0.5687252137781335	-0.3017077004831181	0.7389406151928622	[-16.7523943609849,10.559322920310631,-14.578236504838767]
0	409	5084	5091	9700	9707	0.7726774580161605	-0.5275966542145516	0.33557001348512866	[-14.855018601071814,9.53167740445306,-12.294748582322567]
0	410	5092	5107	9716	9731	0.6599224902354565	-0.5008387096209659	0.40683222653395695	[-12.325286458447142,7.6865189317309515,-11.199284009024922]
0	411	5108	5115	9240	9247	0.5368147759354117	-0.2383541882703666	0.7925320816299554	[-8.036765340936457,4.40066211051578,-8.551384357752296]
0	412	5116	5122	9763	9769	0.5790851090461632	-0.36029711943616965	0.7114162483814942	[-6.189307512046211,3.548372309006838,-5.8779319016433265]
0	413	5123	5138	9778	9793	0.5433621225683077	-0.42954777104305353	0.662417918954424	[-4.562339873502555,2.3835559483763467,-3.839756462676841]
0	414	5139	5146	9802	9809	-0.38844997942240816	0.6653757435075974	-0.6062004842059233	[0.49951051001487545,0.8933385029449477,-0.5688560860278489]
0	415	5147	5154	9794	9801	-0.6395354904364162	0.4011291308002799	-0.6449360438891445	[-0.7999572434804131,2.9352384658626627,-2.598883390809666]
0	416	5155	5169	9748	9762	-0.5177982101833186	0.47818624124268444	-0.6525090981574054	[-2.8471218330575816,4.280566518112148,-4.821719168044958]
0	417	5170	5177	10208	10215	-0.7326971754483126	0.47620778360937194	-0.468340601292808	[-6.083992080863625,7.304027059627478,-8.704925026565164]
0	418	5178	5185	9732	9739	-0.8156814608927174	0.24467289332674982	-0.48604831179269453	[-8.410231175822712,8.8915768677085,-10.36349531287635]
0	419	5186	5201	9684	9699	-0.5489942088939074	0.43491191128417683	-0.6838628716112736	[-10.958410019371733,9.728221995080496,-11.9254172022093]
0	420	5202	5208	10146	10152	-0.5558557452820632	0.5132250332511489	-0.6320783848140655	[-14.495587042367296,12.54812807041032,-16.373056543956082]
0	421	5209	5215	9669	9675	-0.7304140300714289	0.23442438398473917	-0.619376990434867	[-16.053253190161087,14.017642779962188,-18.19331660128909]
0	422	5217	5232	9622	9637	-0.4866646571567837	0.3850553870211424	-0.7456920536618584	[-18.160163885044234,14.850169226409756,-20.549489005708566]
0	423	5233	5240	10082	10089	-0.6942822589987484	0.5908610198043158	-0.37904629847719784	[-21.357459782245606,17.39896922058651,-25.289876697805944]
0	424	5241	5248	9606	9613	-0.6941070249250592	0.32335543135411654	-0.6216764225785705	[-23.574150618091927,19.210922933096406,-26.635916261342338]
0	425	5249	5263	9560	9574	-0.357939532216119	0.3761314396802541	-0.8249699901453071	[-25.688758127671548,20.243951263755466,-28.827089080924146]
0	426	5296	5303	9552	9559	0.7932748776828008	-0.16952713004511524	0.5623675455428297	[-27.047737210126083,23.72622565150649,-32.862538998020156]
0	427	5304	5310	10075	10081	0.6480623916895033	-0.23733360835585596	0.6742918877655214	[-24.39273157285357,23.180348702760476,-31.06746249219048]
0	428	5311	5326	10090	10105	0.5003113329935486	-0.5214133316770913	0.6476303827699945	[-22.55832704317791,22.372590473545117,-29.13194088401271]
0	429	5327	5334	9614	9621	0.692999617604554	-0.2460978435434482	0.6569857569616216	[-19.32905012291409,18.957582081257186,-24.959412265692624]
0	430	5335	5342	10138	10145	0.6531517726395183	-0.44973929430314774	0.5873770265872953	[-17.12851640195492,18.04697809130612,-22.9329862567079]
0	431	5343	5357	10153	10167	0.48583658676646996	-0.5203993009830651	0.6709479064739696	[-15.114972861488162,16.65778741632391,-20.979651635574278]
0	432	5358	5365	9676	9683	0.47758796852276897	-0.174773823581819	0.8365004255363458	[-12.074209983638093,13.443353546507486,-16.786479453054998]
0	433	5366	5373	10200	10207	0.7293574290275132	-0.30371443588193203	0.5916056935500099	[-10.457061869210854,12.8078272108039,-14.102602292700071]
0	434	5374	5389	10216	10231	0.5476598951338878	-0.44141205092071445	0.6626706290498722	[-8.061431972894962,11.785254314822662,-12.128792790398414]
0	435	5390	5397	9740	9747	0.6845924961334534	-0.4548540959640744	0.5572460237134828	[-4.498940207386568,8.941904184866772,-8.07365935355127]
0	436	5398	5404	10263	10269	0.7559793601653895	-0.4820915685492326	0.4037782640927788	[-2.2787326716884575,7.404049928765282,-6.373415869145118]
0	437	5405	5420	10278	10293	0.6409729476235331	-0.4153162862644438	0.6106705691711789	[-0.2919151422630268,5.9927610681345636,-5.283766110114684]
0	438	5421	5428	10302	10309	-0.5396665799729431	0.3563953867586484	-0.7435055067305416	[5.400517294477457,5.065253680571148,-1.6744073960112609]
0	439	5429	5436	10294	10301	-0.6690285015229905	0.3865307318433963	-0.6261637622653821	[3.602310720744915,6.26670353550534,-4.113935261794978]
0	440	5437	5451	10248	10262	-0.48821020087092737	0.5942802658357798	-0.5920522436017214	[1.5286682915932448,7.53367582859194,-6.201402979918442]
0	441	5452	5459	10724	10731	-0.7751830257864717	0.35308839318501634	-0.4918946128584203	[-1.4872500751712725,11.111275861564891,-9.847374339485931]
0	442	5460	5467	10232	10239	-0.787815418591455	0.3382962990383387	-0.4853540250752039	[-3.9924702037314868,12.47557491540855,-11.491278609890433]
0	443	5468	5483	10184	10199	-0.49796769890924175	0.373013847818482	-0.7641728920591302	[-6.413994039120544,13.648500249993461,-13.124713347315009]
0	444	5484	5490	10662	10668	-0.6862305756044712	0.5410014011991512	-0.453240756855714	[-9.730766688106222,16.151104652702585,-17.970784958430805]
0	445	5491	5498	10168	10175	-0.6407119376777034	0.3105754760927478	-0.6803222101992025	[-11.636312398568649,17.62387680533655,-19.30931445776598]
0	446	5499	5514	10122	10137	-0.5163346878261936	0.3966830043133121	-0.735672671443866	[-13.568648542529676,18.72443334991579,-21.53942107441008]
0	447	5515	5522	10582	10589	-0.6104076066432577	0.5290843079472366	-0.557325208049158	[-16.905218245117187,21.40671525569299,-26.259154239211398]
0	448	5523	5530	10106	10113	-0.6839454740475269	0.3341187469057137	-0.6239990381633341	[-18.86075589332293,23.040754847936,-28.18665765915517]
0	449	5531	5545	10060	10074	-0.2775706052690467	0.5198664777539606	-0.7752332435492824	[-21.071090945191024,24.242705129400015,-30.367304536058462]
0	450	5578	5585	10052	10059	0.3598471099664563	-0.29121820159564377	0.8688159517154607	[-20.953429946810637,29.020200773882586,-35.27931047464719]
0	451	5586	5592	10575	10581	0.679474982670171	-0.49557341849119063	0.5219979201354671	[-19.89535446474232,27.714024424557163,-32.46933679732187]
0	452	5593	5608	10590	10605	0.46666966708113633	-0.5799584452587797	0.6441532972189812	[-17.95437492034233,26.35284153710181,-30.888500859864372]
0	453	5609	5616	10114	10121	0.604230269813954	-0.3754968579228897	0.6913521668167082	[-14.802572347825265,22.55165489794258,-26.601409292696395]
0	454	5617	5624	10654	10661	0.7364201291386558	-0.5000700953878401	0.4317569390136586	[-12.750694525621508,21.312342118184098,-24.447828418707186]
0	455	5625	5639	10669	10683	0.4761729954511918	-0.4064691294505383	0.7069122018638684	[-10.317581301992572,19.5909515283795,-22.995389097105885]
0	456	5640	5647	10176	10183	0.65552392845687	-0.09523127262222382	0.7293057882511438	[-7.447531743164379,17.14187235057961,-18.63492921892947]
0	457	5648	5655	10716	10723	0.5344861920896137	-0.2633323316585078	0.7777110965838573	[-5.330351623305788,16.772901629017312,-16.179747054660133]
0	458	5656	5671	10732	10747	0.6379666301258367	-0.45950224189909933	0.6035566235194909	[-3.611973802598472,15.75050479396048,-13.590052007437395]
0	459	5672	5679	10240	10247	0.401397944040895	-0.3226575854963358	0.8443933476855229	[0.41359635682155127,12.777560507815945,-9.764628502317528]
0	460	5680	5686	10793	10799	0.6356637134739781	-0.259306925158722	0.7033785762671579	[1.8275146416257926,11.709841219843831,-7.155152888788416]
0	461	5687	5702	10808	10823	0.549554685625026	-0.4434693585147122	0.6552755535951816	[3.658689358498222,10.841237977268655,-5.25999942747619]
0	462	5703	5710	10832	10839	-0.2568683684347376	0.47909829397880055	-0.8323743761808623	[8.171433648695288,10.244057236410711,-1.00539011530699]
0	463	5711	5718	10824	10831	-0.693312631454851	0.31252608305770246	-0.608975646532936	[7.316566727511612,11.974049240456804,-3.7156014561647095]
0	464	5719	5733	10778	10792	-0.540826987476743	0.5198163336280464	-0.6280663533314149	[5.083940252334539,13.02418966915197,-5.7777460575773585]
0	465	5734	5741	11238	11245	-0.7184458524473317	0.30307692061891073	-0.5991747315476516	[1.6471101746266132,16.142880871879527,-9.656314308997818]
0	466	5742	5749	10748	10755	-0.6219553587843042	0.2187286345367038	-0.7130686329290642	[-0.5220858626698647,17.07735780484234,-11.618415655881494]
0	467	5750	5765	10700	10715	-0.38789458958057327	0.4149551912256771	-0.7921174002078325	[-2.5528262523350684,17.927989339510873,-13.880768406144778]
0	468	5766	5772	11176	11182	-0.8276958509073863	0.20429605919394903	-0.5067178944403382	[-5.21432482126952,20.495478202385776,-19.060082447184605]
0	469	5773	5780	10684	10691	-0.603811393520055	0.2436068350939901	-0.7528233259108693	[-7.59124713798345,21.289335533559502,-20.48394063430108]
0	470	5781	5796	10638	10653	-0.468231497740586	0.4795834380170092	-0.6764299180340978	[-9.592514730101723,22.104698854828086,-22.949066363333408]
0	471	5797	5804	11144	11151	-0.5319224514978044	0.5336536129896807	-0.6189291488445665	[-12.669587147128627,25.306725516922953,-27.37554825876786]
0	472	5805	5812	10606	10613	-0.6324490791297013	0.3041052302796278	-0.6887055900769622	[-14.326141630234464,26.99837063185742,-29.46958509774221]
0	473	5813	5827	10560	10574	-0.18637899343329642	0.29792489740949524	-0.9206219034757152	[-16.17577407741518,28.065633377096308,-31.673056143146685]
0	474	5860	5867	10552	10559	0.5587703390064862	-0.265926368746579	0.7579442887145087	[-16.089219137570318,31.129297659001253,-37.257775394181756]
0	475	5868	5874	11137	11143	0.5122049269706767	-0.3772975277156318	0.7601009064496895	[-14.24134767542196,30.1868514541245,-34.758865946990646]
0	476	5875	5890	11152	11167	0.35145040539754674	-0.347773651197579	0.8374339782394828	[-12.848448184110769,29.169987107329582,-32.641268648110454]
0	477	5891	5906	10622	10637	0.6472762547020573	-0.15408955496398255	0.7214749800682412	[-10.503714275409319,26.95410473672709,-27.149002816978065]
0	478	5907	5921	11183	11197	0.4983250402202145	-0.602628739134268	0.6070635398265705	[-6.482072849560092,25.78742635358813,-22.609050794299023]
0	479	5922	5929	10692	10699	0.544312295233958	-0.233356412404864	0.7929833124967928	[-3.4405646025516265,22.265951943746916,-18.91299718675606]
0	480	5930	5937	11230	11237	0.7203160859751538	-0.22717166223749266	0.608997438790014	[-1.5725402550948344,21.48195819177537,-16.446392141148408]
0	481	5938	5953	11246	11261	0.4470557417746132	-0.43375927542860304	0.7694636527752187	[0.6768293406987319,20.651200635787056,-14.5133640533796]
0	482	5954	5968	10763	10777	0.6545284827977902	-0.35611886259823683	0.6478529301647666	[3.622239849453615,17.86151100283113,-9.640831020956995]
0	483	5969	5984	11278	11293	0.6769573111375775	-0.5540135325849448	0.4527576825038199	[7.530605219190312,15.572270676230955,-5.700063358333638]
0	484	5985	5992	11302	11309	-0.6533694887043887	0.5067415144774114	-0.500598011120129	[13.090713902534418,14.137125111957108,-3.1789756577132415]
0	485	5993	6000	11294	11301	-0.5901620341921203	0.41158653086403996	-0.6483521350565701	[11.129432545172042,15.680395339047443,-4.907419723105127]
0	486	6001	6007	10756	10762	-0.5135506398864017	0.22884113868699685	-0.8079885631982795	[9.189791547168113,17.04409025394335,-7.027808308774536]
0	487	6008	6015	11558	11565	-0.3136729658479946	0.508908556011498	-0.7851052839857273	[7.722917947926441,17.484712223292618,-9.315591754003872]
0	488	6016	6023	11770	11777	-0.626111520007543	0.5256210378591868	-0.5654994979610364	[6.61346206841971,19.17623724307438,-11.881902734783726]
0	489	6024	6031	11262	11269	-0.7136653264265469	0.4922421411213405	-0.45677828349023974	[4.522667508147009,20.931133629295456,-13.788740687376224]
0	490	6032	6047	11214	11229	-0.45990214192402346	0.5633557267496886	-0.6696083787000476	[2.2893232718841707,22.413435632363075,-15.275337370723593]
0	491	6048	6054	11708	11714	-0.6258472215326022	0.3280334524935737	-0.6894169962091401	[-0.6313535514435753,25.87507664108559,-19.558972467809586]
0	492	6055	6062	11198	11205	-0.7920801349009207	0.22945595579546627	-0.5474030729330931	[-2.461105376024968,26.887481956954165,-21.564859188192898]
0	493	6063	6070	10614	10621	-0.32585627226561575	0.08276643789571049	-0.9286073603104609	[-4.834003871177387,27.724901777011212,-23.499042516748695]
0	494	6071	6078	11520	11527	-0.4021522322339392	0.18005668356859308	-0.8557675572087087	[-5.821615744130232,28.058567894909473,-26.560127026379526]
0	495	6080	6086	11676	11682	-0.6764473718886633	0.1898012395977825	-0.6910483391540821	[-7.412062289930729,28.708617601687596,-29.56058173339948]
0	496	6087	6094	11168	11175	-0.5396612534328246	0.307254135814581	-0.7636624908209866	[-9.19592317832511,29.14671392739505,-31.500675913507564]
0	497	6095	6109	11122	11136	-0.4676809391754721	0.3360994418227082	-0.8003648093150131	[-10.922929874374523,30.18319356182947,-33.94313749994502]
0	498	6142	6149	11114	11121	0.5444378591671132	-0.2489626073414183	0.7780040900400581	[-11.430151926389499,33.43423054515067,-39.2650055271465]
0	499	6150	6156	11669	11675	0.6805271710967857	-0.44531779516139497	0.5687711922899514	[-9.580650263643857,32.506554008644216,-36.873603508139]
0	500	6157	6172	11684	11699	0.4539748009168954	-0.2656214357924231	0.829822002886831	[-7.72876545206968,31.32093489698253,-35.207273634504716]
0	501	6173	6188	11504	11519	0.6429555469837157	-0.32859817803644253	0.6783827878450049	[-4.774350832724647,29.503808446473776,-29.99834144437931]
0	502	6189	6203	11715	11729	0.40063795480659964	-0.21490357770232096	0.8497128637861044	[-0.561356487670161,27.396948586396938,-25.653029212442405]
0	503	6204	6211	11206	11213	0.5395251103901887	-0.02031927704942433	0.8285851448714092	[1.8804535850656916,26.166329425309897,-20.405051663121462]
0	504	6212	6219	11762	11769	0.7209460191937263	-0.3979708822197315	0.5157834827388438	[3.663894675810992,26.036545257074305,-17.744465661484547]
0	505	6220	6228	11785	11793	0.48545798071584845	-0.5768866569213887	0.6311383234865897	[5.911872971273715,24.63363382126688,-15.921105675435193]
0	506	6230	6235	11778	11783	0.31693185638361066	-0.5521515370783313	0.7292246387621893	[7.458266891150843,22.23628517948602,-13.370138612909475]
0	507	6236	6250	11543	11557	0.5842536003013333	-0.2371727706590599	0.7449579923079916	[8.291128886421614,21.070941666588517,-11.632038625807825]
0	508	6251	6266	11810	11825	0.5844732936863262	-0.47861439901709174	0.6017270896396106	[11.949072340793773,19.55144950976239,-6.949116221243478]
0	509	6267	6274	11834	11841	-0.451321981858269	0.6513170189768281	-0.5739368377752049	[17.058280196610195,17.94874697131582,-3.6893388403055507]
0	510	6275	6282	11826	11833	-0.5726742151827567	0.2347074169576802	-0.7660350990991119	[15.648026121452231,19.972925675279832,-5.625585431879635]
0	511	6283	6297	11528	11542	-0.40112734140037787	0.35249187686343403	-0.8192156667503816	[13.791953228158393,20.754935825302553,-8.198694519786411]
0	512	6298	6305	12184	12191	-0.5735113808145765	0.4826917761894259	-0.5967858013449512	[11.275734295337092,22.838529922255017,-13.061014220663484]
0	513	6306	6313	11794	11801	-0.6479386157469976	0.5485601079511296	-0.4926970485128988	[9.498489379274314,24.446833673377007,-15.061068058666223]
0	514	6318	6329	11746	11757	-0.5145422029326412	0.22412271374452164	-0.8149020755776863	[7.163955694020444,26.72392150834842,-18.19421392179207]
0	515	6330	6336	12122	12128	-0.6972461141769729	0.3432579383168639	-0.6208903414898974	[4.582458407391437,27.865382954215207,-22.19475823101417]
0	516	6337	6344	11730	11737	-0.6138978390208444	0.1524521303467696	-0.7628745961134811	[2.597711080563705,28.861057674095967,-23.893361916761883]
0	517	6345	6360	11488	11503	-0.3599372778781745	0.25109939247228674	-0.8830824577560641	[0.6612860458244358,29.501583954722907,-26.427276604011425]
0	518	6361	6368	12050	12057	-0.704173801621394	0.2067752284132865	-0.6538975076634953	[-1.806770760942976,31.1490125599905,-32.14992673671266]
0	519	6369	6376	11700	11707	-0.6185650516070565	0.07813578689501112	-0.7623997834716641	[-4.179397807401659,31.798364105716956,-34.36170758504237]
0	520	6377	6391	11654	11668	-0.21420617068614473	0.46323962336280183	-0.8406643853841783	[-6.066531225840639,32.173159420681124,-36.76065685789589]
0	521	6424	6431	11646	11653	0.3591554236375707	-0.18757181906805193	0.9059238848038741	[-5.831409272612966,36.134917635908316,-41.80496152473816]
0	522	6432	6438	12043	12049	0.7819537820968924	-0.20725714555965866	0.5651892280999066	[-4.602179368629984,35.52255266383102,-38.9687326793606]
0	523	6439	6454	12058	12073	0.489012211061584	-0.4879742294603687	0.6968117155269834	[-2.371076015516831,34.784722179882394,-37.33347759754126]
0	524	6455	6470	12106	12121	0.5583729146926232	-0.27449303293480654	0.7510375679507636	[0.7265961427953487,31.758084636803616,-32.85324977548297]
0	525	6471	6485	12129	12143	0.3950464106057467	-0.20396490678547102	0.8589989049878384	[4.391904567231517,29.970206018633043,-28.016801504291955]
0	526	6486	6493	11738	11745	0.6574911454452295	0.05171663041668444	0.7393092216468276	[6.8350282939122105,28.860793143949184,-22.926782424719484]
0	527	6494	6501	12176	12183	0.6508615526828939	-0.3159742787062368	0.683294640936878	[8.832824680558327,28.85556568466732,-20.372044666885373]
0	528	6502	6517	12192	12207	0.3803792580555268	-0.569556873377163	0.7046545286496999	[10.979623559465729,27.76353601366252,-18.142428960622084]
0	529	6518	6532	12239	12253	0.6482589115189477	-0.60936775485676	0.3955355804829485	[13.39800207463389,24.154320421095704,-13.774519914746788]
0	530	6533	6548	12262	12277	0.4894845987800085	-0.45967377299476053	0.7128507540185146	[17.19821230146406,20.373073914985987,-11.239884598397405]
0	531	6549	6556	12286	12293	-0.3927907851725691	0.5793821708146403	-0.6883884946190448	[21.491211053482367,19.38511117877441,-6.561100208519278]
0	532	6557	6564	12278	12285	-0.33865706350854674	0.24012111629763266	-0.8892110246396694	[20.221348887905705,21.263451775257835,-9.027079286368682]
0	533	6565	6579	12224	12238	-0.42941585413228855	0.5269912411407677	-0.6950323503874698	[19.05938170950577,22.04680999687927,-11.878853465673028]
0	534	6580	6587	12613	12620	-0.5525879324495008	0.6743987595236343	-0.44591686258935953	[16.466950424787477,25.05983554402882,-15.918046275198053]
0	535	6588	6595	12208	12215	-0.6102029624893438	0.486663923383441	-0.6087027415682432	[14.673622213178268,27.301399964051548,-17.32272384297655]
0	536	6596	6611	12160	12175	-0.4408758836538744	0.10494099789284125	-0.8714586606010661	[12.7639550947499,28.730908639639768,-19.37105977403366]
0	537	6612	6618	12583	12589	-0.6708915840102437	0.3654637192023098	-0.6359453385737789	[9.788451341965212,29.4519250044699,-25.11063203421376]
0	538	6619	6626	12144	12151	-0.6190301379870963	0.2928484403257247	-0.7099127050941918	[7.9490897159294285,30.514991902670516,-26.955840734611783]
0	539	6627	6642	12090	12105	-0.4270157523054715	0.4319505813004282	-0.7551717429179104	[5.785266979826566,31.4900586760371,-29.302992324870978]
0	540	6643	6650	12552	12559	-0.5032421082673368	0.2711984172238896	-0.7854353860248188	[2.876763129059185,34.23556969911741,-34.2344194250032]
0	541	6651	6657	12075	12081	-0.5997716355179264	0.15180140202467726	-0.7685040261007519	[1.231781832471047,35.12181520040771,-36.88700542627862]
0	542	6659	6673	12028	12042	-0.4339745463351891	0.22168056732219235	-0.8395642735946393	[-0.8421402506786693,35.62970551575797,-39.34279255204748]
0	543	6675	6678	6685	6688	-0.473172963029143	0.19856620087867305	-0.8470396979222911	[-3.7380674753612593,36.7348215242246,-44.749838181426504]
0	544	6706	6713	12020	12027	0.7076146460228677	-0.024992471340510778	0.6785809959253831	[-1.543227329453769,38.691008616882065,-44.446510803551035]
0	545	6714	6736	12560	12582	0.47866787776062664	-0.3111533598862294	0.7713795285357833	[0.6430672131510446,38.328811803521695,-42.15358276795135]
0	546	6737	6744	12082	12089	0.5339060046633964	-0.1771839664191561	0.8153463177668127	[5.16372650799438,35.36293011718708,-34.8359182026162]
0	547	6745	6763	12594	12612	0.5174920836909672	-0.48580431087331477	0.6231040940042414	[7.0045551511589075,34.720122792666544,-32.22223374977463]
0	548	6768	6775	12152	12159	0.666523362261449	-0.29730288302615665	0.6710571878135971	[11.995383821841026,30.183963329286808,-26.19958293925217]
0	549	6776	6799	12621	12644	0.47798588308437806	-0.31397654674579467	0.7685363551376369	[14.19120809058885,29.139566495336247,-24.061790555414944]
0	550	6800	6807	12216	12223	0.272498900646447	-0.09837222239851438	0.9243839497018549	[18.816988822349785,26.161839090995148,-16.321793060438075]
