12768
1 2 1.0 s 5.0 1.0 1.0 1.0 1.0
-548 -547 1.0 s 5.0 1.0 1.0 1.0 1.0
-547 -546 1.0 s 5.0 1.0 1.0 1.0 1.0
-546 -545 1.0 s 5.0 1.0 1.0 1.0 1.0
-545 -544 1.0 s 5.0 1.0 1.0 1.0 1.0
-544 -543 1.0 s 5.0 1.0 1.0 1.0 1.0
-543 -542 1.0 s 5.0 1.0 1.0 1.0 1.0
-542 -541 1.0 s 5.0 1.0 1.0 1.0 1.0
-541 -540 1.0 s 5.0 1.0 1.0 1.0 1.0
-540 -539 1.0 s 5.0 1.0 1.0 1.0 1.0
-539 -538 1.0 s 5.0 1.0 1.0 1.0 1.0
-538 -537 1.0 s 5.0 1.0 1.0 1.0 1.0
-537 -536 1.0 s 5.0 1.0 1.0 1.0 1.0
-536 -535 1.0 s 5.0 1.0 1.0 1.0 1.0
-535 -534 1.0 s 5.0 1.0 1.0 1.0 1.0
-534 -533 1.0 s 5.0 1.0 1.0 1.0 1.0
-533 -532 1.0 s 5.0 1.0 1.0 1.0 1.0
-532 -531 1.0 s 5.0 1.0 1.0 1.0 1.0
-531 -530 1.0 s 5.0 1.0 1.0 1.0 1.0
-530 -529 1.0 s 5.0 1.0 1.0 1.0 1.0
-529 -528 1.0 s 5.0 1.0 1.0 1.0 1.0
-528 -527 1.0 s 5.0 1.0 1.0 1.0 1.0
-527 -526 1.0 s 5.0 1.0 1.0 1.0 1.0
-526 -525 1.0 s 5.0 1.0 1.0 1.0 1.0
-525 -524 1.0 s 5.0 1.0 1.0 1.0 1.0
-524 -523 1.0 s 5.0 1.0 1.0 1.0 1.0
-523 -522 1.0 s 5.0 1.0 1.0 1.0 1.0
-522 -521 1.0 s 5.0 1.0 1.0 1.0 1.0
-521 -520 1.0 s 5.0 1.0 1.0 1.0 1.0
-520 -519 1.0 s 5.0 1.0 1.0 1.0 1.0
-519 -518 1.0 s 5.0 1.0 1.0 1.0 1.0
-518 -517 1.0 s 5.0 1.0 1.0 1.0 1.0
-517 -516 1.0 s 5.0 1.0 1.0 1.0 1.0
-516 -515 1.0 s 5.0 1.0 1.0 1.0 1.0
-515 -514 1.0 s 5.0 1.0 1.0 1.0 1.0
-514 -513 1.0 s 5.0 1.0 1.0 1.0 1.0
-513 -512 1.0 s 5.0 1.0 1.0 1.0 1.0
-512 -511 1.0 s 5.0 1.0 1.0 1.0 1.0
-511 -510 1.0 s 5.0 1.0 1.0 1.0 1.0
-510 -509 1.0 s 5.0 1.0 1.0 1.0 1.0
-509 -508 1.0 s 5.0 1.0 1.0 1.0 1.0
-508 -507 1.0 s 5.0 1.0 1.0 1.0 1.0
-507 -506 1.0 s 5.0 1.0 1.0 1.0 1.0
-506 -505 1.0 s 5.0 1.0 1.0 1.0 1.0
-505 -504 1.0 s 5.0 1.0 1.0 1.0 1.0
-504 -503 1.0 s 5.0 1.0 1.0 1.0 1.0
-503 -502 1.0 s 5.0 1.0 1.0 1.0 1.0
-502 -501 1.0 s 5.0 1.0 1.0 1.0 1.0
-501 -500 1.0 s 5.0 1.0 1.0 1.0 1.0
-500 -499 1.0 s 5.0 1.0 1.0 1.0 1.0
-499 -498 1.0 s 5.0 1.0 1.0 1.0 1.0
-498 -497 1.0 s 5.0 1.0 1.0 1.0 1.0
-497 -496 1.0 s 5.0 1.0 1.0 1.0 1.0
-496 -495 1.0 s 5.0 1.0 1.0 1.0 1.0
-495 -494 1.0 s 5.0 1.0 1.0 1.0 1.0
-494 -493 1.0 s 5.0 1.0 1.0 1.0 1.0
-493 -492 1.0 s 5.0 1.0 1.0 1.0 1.0
-492 -491 1.0 s 5.0 1.0 1.0 1.0 1.0
-491 -490 1.0 s 5.0 1.0 1.0 1.0 1.0
-490 -489 1.0 s 5.0 1.0 1.0 1.0 1.0
-489 -488 1.0 s 5.0 1.0 1.0 1.0 1.0
-488 -487 1.0 s 5.0 1.0 1.0 1.0 1.0
-487 -486 1.0 s 5.0 1.0 1.0 1.0 1.0
-486 -485 1.0 s 5.0 1.0 1.0 1.0 1.0
-485 -484 1.0 s 5.0 1.0 1.0 1.0 1.0
-484 -483 1.0 s 5.0 1.0 1.0 1.0 1.0
-483 -482 1.0 s 5.0 1.0 1.0 1.0 1.0
-482 -481 1.0 s 5.0 1.0 1.0 1.0 1.0
-481 -480 1.0 s 5.0 1.0 1.0 1.0 1.0
-480 -479 1.0 s 5.0 1.0 1.0 1.0 1.0
-479 -478 1.0 s 5.0 1.0 1.0 1.0 1.0
-478 -477 1.0 s 5.0 1.0 1.0 1.0 1.0
-477 -476 1.0 s 5.0 1.0 1.0 1.0 1.0
-476 -475 1.0 s 5.0 1.0 1.0 1.0 1.0
-475 -474 1.0 s 5.0 1.0 1.0 1.0 1.0
-474 -473 1.0 s 5.0 1.0 1.0 1.0 1.0
-473 -472 1.0 s 5.0 1.0 1.0 1.0 1.0
-472 -471 1.0 s 5.0 1.0 1.0 1.0 1.0
-471 -470 1.0 s 5.0 1.0 1.0 1.0 1.0
-470 -469 1.0 s 5.0 1.0 1.0 1.0 1.0
-469 -468 1.0 s 5.0 1.0 1.0 1.0 1.0
-468 -467 1.0 s 5.0 1.0 1.0 1.0 1.0
-467 -466 1.0 s 5.0 1.0 1.0 1.0 1.0
-466 -465 1.0 s 5.0 1.0 1.0 1.0 1.0
-465 -464 1.0 s 5.0 1.0 1.0 1.0 1.0
-464 -463 1.0 s 5.0 1.0 1.0 1.0 1.0
-463 -462 1.0 s 5.0 1.0 1.0 1.0 1.0
-462 -461 1.0 s 5.0 1.0 1.0 1.0 1.0
-461 -460 1.0 s 5.0 1.0 1.0 1.0 1.0
-460 -459 1.0 s 5.0 1.0 1.0 1.0 1.0
-459 -458 1.0 s 5.0 1.0 1.0 1.0 1.0
-458 -457 1.0 s 5.0 1.0 1.0 1.0 1.0
-457 -456 1.0 s 5.0 1.0 1.0 1.0 1.0
-456 -455 1.0 s 5.0 1.0 1.0 1.0 1.0
-455 -454 1.0 s 5.0 1.0 1.0 1.0 1.0
-454 -453 1.0 s 5.0 1.0 1.0 1.0 1.0
-453 -452 1.0 s 5.0 1.0 1.0 1.0 1.0
-452 -451 1.0 s 5.0 1.0 1.0 1.0 1.0
-451 -450 1.0 s 5.0 1.0 1.0 1.0 1.0
-450 -449 1.0 s 5.0 1.0 1.0 1.0 1.0
-449 -448 1.0 s 5.0 1.0 1.0 1.0 1.0
-448 -447 1.0 s 5.0 1.0 1.0 1.0 1.0
-447 -446 1.0 s 5.0 1.0 1.0 1.0 1.0
-446 -445 1.0 s 5.0 1.0 1.0 1.0 1.0
-445 -444 1.0 s 5.0 1.0 1.0 1.0 1.0
-444 -443 1.0 s 5.0 1.0 1.0 1.0 1.0
-443 -442 1.0 s 5.0 1.0 1.0 1.0 1.0
-442 -441 1.0 s 5.0 1.0 1.0 1.0 1.0
-441 -440 1.0 s 5.0 1.0 1.0 1.0 1.0
-440 -439 1.0 s 5.0 1.0 1.0 1.0 1.0
-439 -438 1.0 s 5.0 1.0 1.0 1.0 1.0
-438 -437 1.0 s 5.0 1.0 1.0 1.0 1.0
-437 -436 1.0 s 5.0 1.0 1.0 1.0 1.0
-436 -435 1.0 s 5.0 1.0 1.0 1.0 1.0
-435 -434 1.0 s 5.0 1.0 1.0 1.0 1.0
-434 -433 1.0 s 5.0 1.0 1.0 1.0 1.0
-433 -432 1.0 s 5.0 1.0 1.0 1.0 1.0
-432 -431 1.0 s 5.0 1.0 1.0 1.0 1.0
-431 -430 1.0 s 5.0 1.0 1.0 1.0 1.0
-430 -429 1.0 s 5.0 1.0 1.0 1.0 1.0
-429 -428 1.0 s 5.0 1.0 1.0 1.0 1.0
-428 -427 1.0 s 5.0 1.0 1.0 1.0 1.0
-427 -426 1.0 s 5.0 1.0 1.0 1.0 1.0
-426 -425 1.0 s 5.0 1.0 1.0 1.0 1.0
-425 -424 1.0 s 5.0 1.0 1.0 1.0 1.0
-424 -423 1.0 s 5.0 1.0 1.0 1.0 1.0
-423 -422 1.0 s 5.0 1.0 1.0 1.0 1.0
-422 -421 1.0 s 5.0 1.0 1.0 1.0 1.0
-421 -420 1.0 s 5.0 1.0 1.0 1.0 1.0
-420 -419 1.0 s 5.0 1.0 1.0 1.0 1.0
-419 -418 1.0 s 5.0 1.0 1.0 1.0 1.0
-418 -417 1.0 s 5.0 1.0 1.0 1.0 1.0
-417 -416 1.0 s 5.0 1.0 1.0 1.0 1.0
-416 -415 1.0 s 5.0 1.0 1.0 1.0 1.0
-415 -414 1.0 s 5.0 1.0 1.0 1.0 1.0
-414 -413 1.0 s 5.0 1.0 1.0 1.0 1.0
-413 -412 1.0 s 5.0 1.0 1.0 1.0 1.0
-412 -411 1.0 s 5.0 1.0 1.0 1.0 1.0
-411 -410 1.0 s 5.0 1.0 1.0 1.0 1.0
-410 -409 1.0 s 5.0 1.0 1.0 1.0 1.0
-409 -408 1.0 s 5.0 1.0 1.0 1.0 1.0
-408 -407 1.0 s 5.0 1.0 1.0 1.0 1.0
-407 -406 1.0 s 5.0 1.0 1.0 1.0 1.0
-406 -405 1.0 s 5.0 1.0 1.0 1.0 1.0
-405 -404 1.0 s 5.0 1.0 1.0 1.0 1.0
-404 -403 1.0 s 5.0 1.0 1.0 1.0 1.0
-403 -402 1.0 s 5.0 1.0 1.0 1.0 1.0
-402 -401 1.0 s 5.0 1.0 1.0 1.0 1.0
-401 -400 1.0 s 5.0 1.0 1.0 1.0 1.0
-400 -399 1.0 s 5.0 1.0 1.0 1.0 1.0
-399 -398 1.0 s 5.0 1.0 1.0 1.0 1.0
-398 -397 1.0 s 5.0 1.0 1.0 1.0 1.0
-397 -396 1.0 s 5.0 1.0 1.0 1.0 1.0
-396 -395 1.0 s 5.0 1.0 1.0 1.0 1.0
-395 -394 1.0 s 5.0 1.0 1.0 1.0 1.0
-394 -393 1.0 s 5.0 1.0 1.0 1.0 1.0
-393 -392 1.0 s 5.0 1.0 1.0 1.0 1.0
-392 -391 1.0 s 5.0 1.0 1.0 1.0 1.0
-391 -390 1.0 s 5.0 1.0 1.0 1.0 1.0
-390 -389 1.0 s 5.0 1.0 1.0 1.0 1.0
-389 -388 1.0 s 5.0 1.0 1.0 1.0 1.0
-388 -387 1.0 s 5.0 1.0 1.0 1.0 1.0
-387 -386 1.0 s 5.0 1.0 1.0 1.0 1.0
-386 -385 1.0 s 5.0 1.0 1.0 1.0 1.0
-385 -384 1.0 s 5.0 1.0 1.0 1.0 1.0
-384 -383 1.0 s 5.0 1.0 1.0 1.0 1.0
-383 -382 1.0 s 5.0 1.0 1.0 1.0 1.0
-382 -381 1.0 s 5.0 1.0 1.0 1.0 1.0
-381 -380 1.0 s 5.0 1.0 1.0 1.0 1.0
-380 -379 1.0 s 5.0 1.0 1.0 1.0 1.0
-379 -378 1.0 s 5.0 1.0 1.0 1.0 1.0
-378 -377 1.0 s 5.0 1.0 1.0 1.0 1.0
-377 -376 1.0 s 5.0 1.0 1.0 1.0 1.0
-376 -375 1.0 s 5.0 1.0 1.0 1.0 1.0
-375 -374 1.0 s 5.0 1.0 1.0 1.0 1.0
-374 -373 1.0 s 5.0 1.0 1.0 1.0 1.0
-373 -372 1.0 s 5.0 1.0 1.0 1.0 1.0
-372 -371 1.0 s 5.0 1.0 1.0 1.0 1.0
-371 -370 1.0 s 5.0 1.0 1.0 1.0 1.0
-370 -369 1.0 s 5.0 1.0 1.0 1.0 1.0
-369 -368 1.0 s 5.0 1.0 1.0 1.0 1.0
-368 -367 1.0 s 5.0 1.0 1.0 1.0 1.0
-367 -366 1.0 s 5.0 1.0 1.0 1.0 1.0
-366 -365 1.0 s 5.0 1.0 1.0 1.0 1.0
-365 -364 1.0 s 5.0 1.0 1.0 1.0 1.0
-364 -363 1.0 s 5.0 1.0 1.0 1.0 1.0
-363 -362 1.0 s 5.0 1.0 1.0 1.0 1.0
-362 -361 1.0 s 5.0 1.0 1.0 1.0 1.0
-361 -360 1.0 s 5.0 1.0 1.0 1.0 1.0
-360 -359 1.0 s 5.0 1.0 1.0 1.0 1.0
-359 -358 1.0 s 5.0 1.0 1.0 1.0 1.0
-358 -357 1.0 s 5.0 1.0 1.0 1.0 1.0
-357 -356 1.0 s 5.0 1.0 1.0 1.0 1.0
-356 -355 1.0 s 5.0 1.0 1.0 1.0 1.0
-355 -354 1.0 s 5.0 1.0 1.0 1.0 1.0
-354 -353 1.0 s 5.0 1.0 1.0 1.0 1.0
-353 -352 1.0 s 5.0 1.0 1.0 1.0 1.0
-352 -351 1.0 s 5.0 1.0 1.0 1.0 1.0
-351 -350 1.0 s 5.0 1.0 1.0 1.0 1.0
-350 -349 1.0 s 5.0 1.0 1.0 1.0 1.0
-349 -348 1.0 s 5.0 1.0 1.0 1.0 1.0
-348 -347 1.0 s 5.0 1.0 1.0 1.0 1.0
-347 -346 1.0 s 5.0 1.0 1.0 1.0 1.0
-346 -345 1.0 s 5.0 1.0 1.0 1.0 1.0
-345 -344 1.0 s 5.0 1.0 1.0 1.0 1.0
-344 -343 1.0 s 5.0 1.0 1.0 1.0 1.0
-343 -342 1.0 s 5.0 1.0 1.0 1.0 1.0
-342 -341 1.0 s 5.0 1.0 1.0 1.0 1.0
-341 -340 1.0 s 5.0 1.0 1.0 1.0 1.0
-340 -339 1.0 s 5.0 1.0 1.0 1.0 1.0
-339 -338 1.0 s 5.0 1.0 1.0 1.0 1.0
-338 -337 1.0 s 5.0 1.0 1.0 1.0 1.0
-337 -336 1.0 s 5.0 1.0 1.0 1.0 1.0
-336 -335 1.0 s 5.0 1.0 1.0 1.0 1.0
-335 -334 1.0 s 5.0 1.0 1.0 1.0 1.0
-334 -333 1.0 s 5.0 1.0 1.0 1.0 1.0
-333 -332 1.0 s 5.0 1.0 1.0 1.0 1.0
-332 -331 1.0 s 5.0 1.0 1.0 1.0 1.0
-331 -330 1.0 s 5.0 1.0 1.0 1.0 1.0
-330 -329 1.0 s 5.0 1.0 1.0 1.0 1.0
-329 -328 1.0 s 5.0 1.0 1.0 1.0 1.0
-328 -327 1.0 s 5.0 1.0 1.0 1.0 1.0
-327 -326 1.0 s 5.0 1.0 1.0 1.0 1.0
-326 -325 1.0 s 5.0 1.0 1.0 1.0 1.0
-325 -324 1.0 s 5.0 1.0 1.0 1.0 1.0
-324 -323 1.0 s 5.0 1.0 1.0 1.0 1.0
-323 -322 1.0 s 5.0 1.0 1.0 1.0 1.0
-322 -321 1.0 s 5.0 1.0 1.0 1.0 1.0
-321 -320 1.0 s 5.0 1.0 1.0 1.0 1.0
-320 -319 1.0 s 5.0 1.0 1.0 1.0 1.0
-319 -318 1.0 s 5.0 1.0 1.0 1.0 1.0
-318 -317 1.0 s 5.0 1.0 1.0 1.0 1.0
-317 -316 1.0 s 5.0 1.0 1.0 1.0 1.0
-316 -315 1.0 s 5.0 1.0 1.0 1.0 1.0
-315 -314 1.0 s 5.0 1.0 1.0 1.0 1.0
-314 -313 1.0 s 5.0 1.0 1.0 1.0 1.0
-313 -312 1.0 s 5.0 1.0 1.0 1.0 1.0
-312 -311 1.0 s 5.0 1.0 1.0 1.0 1.0
-311 -310 1.0 s 5.0 1.0 1.0 1.0 1.0
-310 -309 1.0 s 5.0 1.0 1.0 1.0 1.0
-309 -308 1.0 s 5.0 1.0 1.0 1.0 1.0
-308 -307 1.0 s 5.0 1.0 1.0 1.0 1.0
-307 -306 1.0 s 5.0 1.0 1.0 1.0 1.0
-306 -305 1.0 s 5.0 1.0 1.0 1.0 1.0
-305 -304 1.0 s 5.0 1.0 1.0 1.0 1.0
-304 -303 1.0 s 5.0 1.0 1.0 1.0 1.0
-303 -302 1.0 s 5.0 1.0 1.0 1.0 1.0
-302 -301 1.0 s 5.0 1.0 1.0 1.0 1.0
-301 -300 1.0 s 5.0 1.0 1.0 1.0 1.0
-300 -299 1.0 s 5.0 1.0 1.0 1.0 1.0
-299 -298 1.0 s 5.0 1.0 1.0 1.0 1.0
-298 -297 1.0 s 5.0 1.0 1.0 1.0 1.0
-297 -296 1.0 s 5.0 1.0 1.0 1.0 1.0
-296 -295 1.0 s 5.0 1.0 1.0 1.0 1.0
-295 -294 1.0 s 5.0 1.0 1.0 1.0 1.0
-294 -293 1.0 s 5.0 1.0 1.0 1.0 1.0
-293 -292 1.0 s 5.0 1.0 1.0 1.0 1.0
-292 -291 1.0 s 5.0 1.0 1.0 1.0 1.0
-291 -290 1.0 s 5.0 1.0 1.0 1.0 1.0
-290 -289 1.0 s 5.0 1.0 1.0 1.0 1.0
-289 -288 1.0 s 5.0 1.0 1.0 1.0 1.0
-288 -287 1.0 s 5.0 1.0 1.0 1.0 1.0
-287 -286 1.0 s 5.0 1.0 1.0 1.0 1.0
-286 -285 1.0 s 5.0 1.0 1.0 1.0 1.0
-285 -284 1.0 s 5.0 1.0 1.0 1.0 1.0
-284 -283 1.0 s 5.0 1.0 1.0 1.0 1.0
-283 -282 1.0 s 5.0 1.0 1.0 1.0 1.0
-282 -281 1.0 s 5.0 1.0 1.0 1.0 1.0
-281 -280 1.0 s 5.0 1.0 1.0 1.0 1.0
-280 -279 1.0 s 5.0 1.0 1.0 1.0 1.0
-279 -278 1.0 s 5.0 1.0 1.0 1.0 1.0
-278 -277 1.0 s 5.0 1.0 1.0 1.0 1.0
-277 -276 1.0 s 5.0 1.0 1.0 1.0 1.0
-276 -275 1.0 s 5.0 1.0 1.0 1.0 1.0
-275 -274 1.0 s 5.0 1.0 1.0 1.0 1.0
-274 -273 1.0 s 5.0 1.0 1.0 1.0 1.0
-273 -272 1.0 s 5.0 1.0 1.0 1.0 1.0
-272 -271 1.0 s 5.0 1.0 1.0 1.0 1.0
-271 -270 1.0 s 5.0 1.0 1.0 1.0 1.0
-270 -269 1.0 s 5.0 1.0 1.0 1.0 1.0
-269 -268 1.0 s 5.0 1.0 1.0 1.0 1.0
-268 -267 1.0 s 5.0 1.0 1.0 1.0 1.0
-267 -266 1.0 s 5.0 1.0 1.0 1.0 1.0
-266 -265 1.0 s 5.0 1.0 1.0 1.0 1.0
-265 -264 1.0 s 5.0 1.0 1.0 1.0 1.0
-264 -263 1.0 s 5.0 1.0 1.0 1.0 1.0
-263 -262 1.0 s 5.0 1.0 1.0 1.0 1.0
-262 -261 1.0 s 5.0 1.0 1.0 1.0 1.0
-261 -260 1.0 s 5.0 1.0 1.0 1.0 1.0
-260 -259 1.0 s 5.0 1.0 1.0 1.0 1.0
-259 -258 1.0 s 5.0 1.0 1.0 1.0 1.0
-258 -257 1.0 s 5.0 1.0 1.0 1.0 1.0
-257 -256 1.0 s 5.0 1.0 1.0 1.0 1.0
-256 -255 1.0 s 5.0 1.0 1.0 1.0 1.0
-255 -254 1.0 s 5.0 1.0 1.0 1.0 1.0
-254 -253 1.0 s 5.0 1.0 1.0 1.0 1.0
-253 -252 1.0 s 5.0 1.0 1.0 1.0 1.0
-252 -251 1.0 s 5.0 1.0 1.0 1.0 1.0
-251 -250 1.0 s 5.0 1.0 1.0 1.0 1.0
-250 -249 1.0 s 5.0 1.0 1.0 1.0 1.0
-249 -248 1.0 s 5.0 1.0 1.0 1.0 1.0
-248 -247 1.0 s 5.0 1.0 1.0 1.0 1.0
-247 -246 1.0 s 5.0 1.0 1.0 1.0 1.0
-246 -245 1.0 s 5.0 1.0 1.0 1.0 1.0
-245 -244 1.0 s 5.0 1.0 1.0 1.0 1.0
-244 -243 1.0 s 5.0 1.0 1.0 1.0 1.0
-243 -242 1.0 s 5.0 1.0 1.0 1.0 1.0
-242 -241 1.0 s 5.0 1.0 1.0 1.0 1.0
-241 -240 1.0 s 5.0 1.0 1.0 1.0 1.0
-240 -239 1.0 s 5.0 1.0 1.0 1.0 1.0
-239 -238 1.0 s 5.0 1.0 1.0 1.0 1.0
-238 -237 1.0 s 5.0 1.0 1.0 1.0 1.0
-237 -236 1.0 s 5.0 1.0 1.0 1.0 1.0
-236 -235 1.0 s 5.0 1.0 1.0 1.0 1.0
-235 -234 1.0 s 5.0 1.0 1.0 1.0 1.0
-234 -233 1.0 s 5.0 1.0 1.0 1.0 1.0
-233 -232 1.0 s 5.0 1.0 1.0 1.0 1.0
-232 -231 1.0 s 5.0 1.0 1.0 1.0 1.0
-231 -230 1.0 s 5.0 1.0 1.0 1.0 1.0
-230 -229 1.0 s 5.0 1.0 1.0 1.0 1.0
-229 -228 1.0 s 5.0 1.0 1.0 1.0 1.0
-228 -227 1.0 s 5.0 1.0 1.0 1.0 1.0
-227 -226 1.0 s 5.0 1.0 1.0 1.0 1.0
-226 -225 1.0 s 5.0 1.0 1.0 1.0 1.0
-225 -224 1.0 s 5.0 1.0 1.0 1.0 1.0
-224 -223 1.0 s 5.0 1.0 1.0 1.0 1.0
-223 -222 1.0 s 5.0 1.0 1.0 1.0 1.0
-222 -221 1.0 s 5.0 1.0 1.0 1.0 1.0
-221 -220 1.0 s 5.0 1.0 1.0 1.0 1.0
-220 -219 1.0 s 5.0 1.0 1.0 1.0 1.0
-219 -218 1.0 s 5.0 1.0 1.0 1.0 1.0
-218 -217 1.0 s 5.0 1.0 1.0 1.0 1.0
-217 -216 1.0 s 5.0 1.0 1.0 1.0 1.0
-216 -215 1.0 s 5.0 1.0 1.0 1.0 1.0
-215 -214 1.0 s 5.0 1.0 1.0 1.0 1.0
-214 -213 1.0 s 5.0 1.0 1.0 1.0 1.0
-213 -212 1.0 s 5.0 1.0 1.0 1.0 1.0
-212 -211 1.0 s 5.0 1.0 1.0 1.0 1.0
-211 -210 1.0 s 5.0 1.0 1.0 1.0 1.0
-210 -209 1.0 s 5.0 1.0 1.0 1.0 1.0
-209 -208 1.0 s 5.0 1.0 1.0 1.0 1.0
-208 -207 1.0 s 5.0 1.0 1.0 1.0 1.0
-207 -206 1.0 s 5.0 1.0 1.0 1.0 1.0
-206 -205 1.0 s 5.0 1.0 1.0 1.0 1.0
-205 -204 1.0 s 5.0 1.0 1.0 1.0 1.0
-204 -203 1.0 s 5.0 1.0 1.0 1.0 1.0
-203 -202 1.0 s 5.0 1.0 1.0 1.0 1.0
-202 -201 1.0 s 5.0 1.0 1.0 1.0 1.0
-201 -200 1.0 s 5.0 1.0 1.0 1.0 1.0
-200 -199 1.0 s 5.0 1.0 1.0 1.0 1.0
-199 -198 1.0 s 5.0 1.0 1.0 1.0 1.0
-198 -197 1.0 s 5.0 1.0 1.0 1.0 1.0
-197 -196 1.0 s 5.0 1.0 1.0 1.0 1.0
-196 -195 1.0 s 5.0 1.0 1.0 1.0 1.0
-195 -194 1.0 s 5.0 1.0 1.0 1.0 1.0
-194 -193 1.0 s 5.0 1.0 1.0 1.0 1.0
-193 -192 1.0 s 5.0 1.0 1.0 1.0 1.0
-192 -191 1.0 s 5.0 1.0 1.0 1.0 1.0
-191 -190 1.0 s 5.0 1.0 1.0 1.0 1.0
-190 -189 1.0 s 5.0 1.0 1.0 1.0 1.0
-189 -188 1.0 s 5.0 1.0 1.0 1.0 1.0
-188 -187 1.0 s 5.0 1.0 1.0 1.0 1.0
-187 -186 1.0 s 5.0 1.0 1.0 1.0 1.0
-186 -185 1.0 s 5.0 1.0 1.0 1.0 1.0
-185 -184 1.0 s 5.0 1.0 1.0 1.0 1.0
-184 -183 1.0 s 5.0 1.0 1.0 1.0 1.0
-183 -182 1.0 s 5.0 1.0 1.0 1.0 1.0
-182 -181 1.0 s 5.0 1.0 1.0 1.0 1.0
-181 -180 1.0 s 5.0 1.0 1.0 1.0 1.0
-180 -179 1.0 s 5.0 1.0 1.0 1.0 1.0
-179 -178 1.0 s 5.0 1.0 1.0 1.0 1.0
-178 -177 1.0 s 5.0 1.0 1.0 1.0 1.0
-177 -176 1.0 s 5.0 1.0 1.0 1.0 1.0
-176 -175 1.0 s 5.0 1.0 1.0 1.0 1.0
-175 -174 1.0 s 5.0 1.0 1.0 1.0 1.0
-174 -173 1.0 s 5.0 1.0 1.0 1.0 1.0
-173 -172 1.0 s 5.0 1.0 1.0 1.0 1.0
-172 -171 1.0 s 5.0 1.0 1.0 1.0 1.0
-171 -170 1.0 s 5.0 1.0 1.0 1.0 1.0
-170 -169 1.0 s 5.0 1.0 1.0 1.0 1.0
-169 -168 1.0 s 5.0 1.0 1.0 1.0 1.0
-168 -167 1.0 s 5.0 1.0 1.0 1.0 1.0
-167 -166 1.0 s 5.0 1.0 1.0 1.0 1.0
-166 -165 1.0 s 5.0 1.0 1.0 1.0 1.0
-165 -164 1.0 s 5.0 1.0 1.0 1.0 1.0
-164 -163 1.0 s 5.0 1.0 1.0 1.0 1.0
-163 -162 1.0 s 5.0 1.0 1.0 1.0 1.0
-162 -161 1.0 s 5.0 1.0 1.0 1.0 1.0
-161 -160 1.0 s 5.0 1.0 1.0 1.0 1.0
-160 -159 1.0 s 5.0 1.0 1.0 1.0 1.0
-159 -158 1.0 s 5.0 1.0 1.0 1.0 1.0
-158 -157 1.0 s 5.0 1.0 1.0 1.0 1.0
-157 -156 1.0 s 5.0 1.0 1.0 1.0 1.0
-156 -155 1.0 s 5.0 1.0 1.0 1.0 1.0
-155 -154 1.0 s 5.0 1.0 1.0 1.0 1.0
-154 -153 1.0 s 5.0 1.0 1.0 1.0 1.0
-153 -152 1.0 s 5.0 1.0 1.0 1.0 1.0
-152 -151 1.0 s 5.0 1.0 1.0 1.0 1.0
-151 -150 1.0 s 5.0 1.0 1.0 1.0 1.0
-150 -149 1.0 s 5.0 1.0 1.0 1.0 1.0
-149 -148 1.0 s 5.0 1.0 1.0 1.0 1.0
-148 -147 1.0 s 5.0 1.0 1.0 1.0 1.0
-147 -146 1.0 s 5.0 1.0 1.0 1.0 1.0
-146 -145 1.0 s 5.0 1.0 1.0 1.0 1.0
-145 -144 1.0 s 5.0 1.0 1.0 1.0 1.0
-144 -143 1.0 s 5.0 1.0 1.0 1.0 1.0
-143 -142 1.0 s 5.0 1.0 1.0 1.0 1.0
-142 -141 1.0 s 5.0 1.0 1.0 1.0 1.0
-141 -140 1.0 s 5.0 1.0 1.0 1.0 1.0
-140 -139 1.0 s 5.0 1.0 1.0 1.0 1.0
-139 -138 1.0 s 5.0 1.0 1.0 1.0 1.0
-138 -137 1.0 s 5.0 1.0 1.0 1.0 1.0
-137 -136 1.0 s 5.0 1.0 1.0 1.0 1.0
-136 -135 1.0 s 5.0 1.0 1.0 1.0 1.0
-135 -134 1.0 s 5.0 1.0 1.0 1.0 1.0
-134 -133 1.0 s 5.0 1.0 1.0 1.0 1.0
-133 -132 1.0 s 5.0 1.0 1.0 1.0 1.0
-132 -131 1.0 s 5.0 1.0 1.0 1.0 1.0
-131 -130 1.0 s 5.0 1.0 1.0 1.0 1.0
-130 -129 1.0 s 5.0 1.0 1.0 1.0 1.0
-129 -128 1.0 s 5.0 1.0 1.0 1.0 1.0
-128 -127 1.0 s 5.0 1.0 1.0 1.0 1.0
-127 -126 1.0 s 5.0 1.0 1.0 1.0 1.0
-126 -125 1.0 s 5.0 1.0 1.0 1.0 1.0
-125 -124 1.0 s 5.0 1.0 1.0 1.0 1.0
-124 -123 1.0 s 5.0 1.0 1.0 1.0 1.0
-123 -122 1.0 s 5.0 1.0 1.0 1.0 1.0
-122 -121 1.0 s 5.0 1.0 1.0 1.0 1.0
-121 -120 1.0 s 5.0 1.0 1.0 1.0 1.0
-120 -119 1.0 s 5.0 1.0 1.0 1.0 1.0
-119 -118 1.0 s 5.0 1.0 1.0 1.0 1.0
-118 -117 1.0 s 5.0 1.0 1.0 1.0 1.0
-117 -116 1.0 s 5.0 1.0 1.0 1.0 1.0
-116 -115 1.0 s 5.0 1.0 1.0 1.0 1.0
-115 -114 1.0 s 5.0 1.0 1.0 1.0 1.0
-114 -113 1.0 s 5.0 1.0 1.0 1.0 1.0
-113 -112 1.0 s 5.0 1.0 1.0 1.0 1.0
-112 -111 1.0 s 5.0 1.0 1.0 1.0 1.0
-111 -110 1.0 s 5.0 1.0 1.0 1.0 1.0
-110 -109 1.0 s 5.0 1.0 1.0 1.0 1.0
-109 -108 1.0 s 5.0 1.0 1.0 1.0 1.0
-108 -107 1.0 s 5.0 1.0 1.0 1.0 1.0
-107 -106 1.0 s 5.0 1.0 1.0 1.0 1.0
-106 -105 1.0 s 5.0 1.0 1.0 1.0 1.0
-105 -104 1.0 s 5.0 1.0 1.0 1.0 1.0
-104 -103 1.0 s 5.0 1.0 1.0 1.0 1.0
-103 -102 1.0 s 5.0 1.0 1.0 1.0 1.0
-102 -101 1.0 s 5.0 1.0 1.0 1.0 1.0
-101 -100 1.0 s 5.0 1.0 1.0 1.0 1.0
-100 -99 1.0 s 5.0 1.0 1.0 1.0 1.0
-99 -98 1.0 s 5.0 1.0 1.0 1.0 1.0
-98 -97 1.0 s 5.0 1.0 1.0 1.0 1.0
-97 -96 1.0 s 5.0 1.0 1.0 1.0 1.0
-96 -95 1.0 s 5.0 1.0 1.0 1.0 1.0
-95 -94 1.0 s 5.0 1.0 1.0 1.0 1.0
-94 -93 1.0 s 5.0 1.0 1.0 1.0 1.0
-93 -92 1.0 s 5.0 1.0 1.0 1.0 1.0
-92 -91 1.0 s 5.0 1.0 1.0 1.0 1.0
-91 -90 1.0 s 5.0 1.0 1.0 1.0 1.0
-90 -89 1.0 s 5.0 1.0 1.0 1.0 1.0
-89 -88 1.0 s 5.0 1.0 1.0 1.0 1.0
-88 -87 1.0 s 5.0 1.0 1.0 1.0 1.0
-87 -86 1.0 s 5.0 1.0 1.0 1.0 1.0
-86 -85 1.0 s 5.0 1.0 1.0 1.0 1.0
-85 -84 1.0 s 5.0 1.0 1.0 1.0 1.0
-84 -83 1.0 s 5.0 1.0 1.0 1.0 1.0
-83 -82 1.0 s 5.0 1.0 1.0 1.0 1.0
-82 -81 1.0 s 5.0 1.0 1.0 1.0 1.0
-81 -80 1.0 s 5.0 1.0 1.0 1.0 1.0
-80 -79 1.0 s 5.0 1.0 1.0 1.0 1.0
-79 -78 1.0 s 5.0 1.0 1.0 1.0 1.0
-78 -77 1.0 s 5.0 1.0 1.0 1.0 1.0
-77 -76 1.0 s 5.0 1.0 1.0 1.0 1.0
-76 -75 1.0 s 5.0 1.0 1.0 1.0 1.0
-75 -74 1.0 s 5.0 1.0 1.0 1.0 1.0
-74 -73 1.0 s 5.0 1.0 1.0 1.0 1.0
-73 -72 1.0 s 5.0 1.0 1.0 1.0 1.0
-72 -71 1.0 s 5.0 1.0 1.0 1.0 1.0
-71 -70 1.0 s 5.0 1.0 1.0 1.0 1.0
-70 -69 1.0 s 5.0 1.0 1.0 1.0 1.0
-69 -68 1.0 s 5.0 1.0 1.0 1.0 1.0
-68 -67 1.0 s 5.0 1.0 1.0 1.0 1.0
-67 -66 1.0 s 5.0 1.0 1.0 1.0 1.0
-66 -65 1.0 s 5.0 1.0 1.0 1.0 1.0
-65 -64 1.0 s 5.0 1.0 1.0 1.0 1.0
-64 -63 1.0 s 5.0 1.0 1.0 1.0 1.0
-63 -62 1.0 s 5.0 1.0 1.0 1.0 1.0
-62 -61 1.0 s 5.0 1.0 1.0 1.0 1.0
-61 -60 1.0 s 5.0 1.0 1.0 1.0 1.0
-60 -59 1.0 s 5.0 1.0 1.0 1.0 1.0
-59 -58 1.0 s 5.0 1.0 1.0 1.0 1.0
-58 -57 1.0 s 5.0 1.0 1.0 1.0 1.0
-57 -56 1.0 s 5.0 1.0 1.0 1.0 1.0
-56 -55 1.0 s 5.0 1.0 1.0 1.0 1.0
-55 -54 1.0 s 5.0 1.0 1.0 1.0 1.0
-54 -53 1.0 s 5.0 1.0 1.0 1.0 1.0
-53 -52 1.0 s 5.0 1.0 1.0 1.0 1.0
-52 -51 1.0 s 5.0 1.0 1.0 1.0 1.0
-51 -50 1.0 s 5.0 1.0 1.0 1.0 1.0
-50 -49 1.0 s 5.0 1.0 1.0 1.0 1.0
-49 -48 1.0 s 5.0 1.0 1.0 1.0 1.0
-48 -47 1.0 s 5.0 1.0 1.0 1.0 1.0
-47 -46 1.0 s 5.0 1.0 1.0 1.0 1.0
-46 -45 1.0 s 5.0 1.0 1.0 1.0 1.0
-45 -44 1.0 s 5.0 1.0 1.0 1.0 1.0
-44 -43 1.0 s 5.0 1.0 1.0 1.0 1.0
-43 -42 1.0 s 5.0 1.0 1.0 1.0 1.0
-42 -41 1.0 s 5.0 1.0 1.0 1.0 1.0
-41 -40 1.0 s 5.0 1.0 1.0 1.0 1.0
-40 -39 1.0 s 5.0 1.0 1.0 1.0 1.0
-39 -38 1.0 s 5.0 1.0 1.0 1.0 1.0
-38 -37 1.0 s 5.0 1.0 1.0 1.0 1.0
-37 -36 1.0 s 5.0 1.0 1.0 1.0 1.0
-36 -35 1.0 s 5.0 1.0 1.0 1.0 1.0
-35 -34 1.0 s 5.0 1.0 1.0 1.0 1.0
-34 -33 1.0 s 5.0 1.0 1.0 1.0 1.0
-33 -32 1.0 s 5.0 1.0 1.0 1.0 1.0
-32 -31 1.0 s 5.0 1.0 1.0 1.0 1.0
-31 -30 1.0 s 5.0 1.0 1.0 1.0 1.0
-30 -29 1.0 s 5.0 1.0 1.0 1.0 1.0
-29 -28 1.0 s 5.0 1.0 1.0 1.0 1.0
-28 -27 1.0 s 5.0 1.0 1.0 1.0 1.0
-27 -26 1.0 s 5.0 1.0 1.0 1.0 1.0
-26 -25 1.0 s 5.0 1.0 1.0 1.0 1.0
-25 -24 1.0 s 5.0 1.0 1.0 1.0 1.0
-24 -23 1.0 s 5.0 1.0 1.0 1.0 1.0
-23 -22 1.0 s 5.0 1.0 1.0 1.0 1.0
-22 -21 1.0 s 5.0 1.0 1.0 1.0 1.0
-21 -20 1.0 s 5.0 1.0 1.0 1.0 1.0
-20 -19 1.0 s 5.0 1.0 1.0 1.0 1.0
-19 -18 1.0 s 5.0 1.0 1.0 1.0 1.0
-18 -17 1.0 s 5.0 1.0 1.0 1.0 1.0
-17 -16 1.0 s 5.0 1.0 1.0 1.0 1.0
-16 -15 1.0 s 5.0 1.0 1.0 1.0 1.0
-15 -14 1.0 s 5.0 1.0 1.0 1.0 1.0
-14 -13 1.0 s 5.0 1.0 1.0 1.0 1.0
-13 -12 1.0 s 5.0 1.0 1.0 1.0 1.0
-12 -11 1.0 s 5.0 1.0 1.0 1.0 1.0
-11 -10 1.0 s 5.0 1.0 1.0 1.0 1.0
-10 -9 1.0 s 5.0 1.0 1.0 1.0 1.0
-9 -8 1.0 s 5.0 1.0 1.0 1.0 1.0
-8 -7 1.0 s 5.0 1.0 1.0 1.0 1.0
-7 -6 1.0 s 5.0 1.0 1.0 1.0 1.0
-6 -5 1.0 s 5.0 1.0 1.0 1.0 1.0
-5 -4 1.0 s 5.0 1.0 1.0 1.0 1.0
-4 -3 1.0 s 5.0 1.0 1.0 1.0 1.0
-3 -2 1.0 s 5.0 1.0 1.0 1.0 1.0
-2 -1 1.0 s 5.0 1.0 1.0 1.0 1.0
-1 0 1.0 s 5.0 1.0 1.0 1.0 1.0
0 1 1.0 s 5.0 1.0 1.0 1.0 1.0
1 2 1.0 s 5.0 1.0 1.0 1.0 1.0
2 32 1.0 s 5.0 1.0 1.0 1.0 1.0
32 151 1.0 s 5.0 1.0 1.0 1.0 1.0
151 176 1.0 s 5.0 1.0 1.0 1.0 1.0
176 285 1.0 s 5.0 1.0 1.0 1.0 1.0
285 543 1.0 s 5.0 1.0 1.0 1.0 1.0
284 286 1.0 s 5.0 1.0 1.0 1.0 1.0
282 289 1.0 s 5.0 1.0 1.0 1.0 1.0
278 279 1.0 s 5.0 1.0 1.0 1.0 1.0
279 280 1.0 s 5.0 1.0 1.0 1.0 1.0
280 292 1.0 s 5.0 1.0 1.0 1.0 1.0
276 295 1.0 s 5.0 1.0 1.0 1.0 1.0
260 274 1.0 s 5.0 1.0 1.0 1.0 1.0
263 272 1.0 s 5.0 1.0 1.0 1.0 1.0
266 270 1.0 s 5.0 1.0 1.0 1.0 1.0
287 309 1.0 s 5.0 1.0 1.0 1.0 1.0
309 310 1.0 s 5.0 1.0 1.0 1.0 1.0
283 288 1.0 s 5.0 1.0 1.0 1.0 1.0
288 308 1.0 s 5.0 1.0 1.0 1.0 1.0
290 306 1.0 s 5.0 1.0 1.0 1.0 1.0
306 313 1.0 s 5.0 1.0 1.0 1.0 1.0
313 329 1.0 s 5.0 1.0 1.0 1.0 1.0
281 291 1.0 s 5.0 1.0 1.0 1.0 1.0
291 305 1.0 s 5.0 1.0 1.0 1.0 1.0
293 303 1.0 s 5.0 1.0 1.0 1.0 1.0
303 315 1.0 s 5.0 1.0 1.0 1.0 1.0
277 294 1.0 s 5.0 1.0 1.0 1.0 1.0
294 302 1.0 s 5.0 1.0 1.0 1.0 1.0
296 300 1.0 s 5.0 1.0 1.0 1.0 1.0
300 318 1.0 s 5.0 1.0 1.0 1.0 1.0
318 322 1.0 s 5.0 1.0 1.0 1.0 1.0
257 297 1.0 s 5.0 1.0 1.0 1.0 1.0
297 299 1.0 s 5.0 1.0 1.0 1.0 1.0
256 258 1.0 s 5.0 1.0 1.0 1.0 1.0
258 298 1.0 s 5.0 1.0 1.0 1.0 1.0
255 259 1.0 s 5.0 1.0 1.0 1.0 1.0
259 275 1.0 s 5.0 1.0 1.0 1.0 1.0
230 238 1.0 s 5.0 1.0 1.0 1.0 1.0
238 253 1.0 s 5.0 1.0 1.0 1.0 1.0
253 261 1.0 s 5.0 1.0 1.0 1.0 1.0
252 262 1.0 s 5.0 1.0 1.0 1.0 1.0
262 273 1.0 s 5.0 1.0 1.0 1.0 1.0
240 250 1.0 s 5.0 1.0 1.0 1.0 1.0
250 264 1.0 s 5.0 1.0 1.0 1.0 1.0
249 265 1.0 s 5.0 1.0 1.0 1.0 1.0
265 271 1.0 s 5.0 1.0 1.0 1.0 1.0
223 243 1.0 s 5.0 1.0 1.0 1.0 1.0
243 247 1.0 s 5.0 1.0 1.0 1.0 1.0
247 267 1.0 s 5.0 1.0 1.0 1.0 1.0
246 268 1.0 s 5.0 1.0 1.0 1.0 1.0
268 269 1.0 s 5.0 1.0 1.0 1.0 1.0
311 333 1.0 s 5.0 1.0 1.0 1.0 1.0
333 334 1.0 s 5.0 1.0 1.0 1.0 1.0
307 312 1.0 s 5.0 1.0 1.0 1.0 1.0
312 332 1.0 s 5.0 1.0 1.0 1.0 1.0
304 314 1.0 s 5.0 1.0 1.0 1.0 1.0
314 328 1.0 s 5.0 1.0 1.0 1.0 1.0
316 326 1.0 s 5.0 1.0 1.0 1.0 1.0
326 339 1.0 s 5.0 1.0 1.0 1.0 1.0
301 317 1.0 s 5.0 1.0 1.0 1.0 1.0
317 325 1.0 s 5.0 1.0 1.0 1.0 1.0
235 319 1.0 s 5.0 1.0 1.0 1.0 1.0
319 321 1.0 s 5.0 1.0 1.0 1.0 1.0
234 236 1.0 s 5.0 1.0 1.0 1.0 1.0
236 320 1.0 s 5.0 1.0 1.0 1.0 1.0
233 237 1.0 s 5.0 1.0 1.0 1.0 1.0
237 254 1.0 s 5.0 1.0 1.0 1.0 1.0
229 239 1.0 s 5.0 1.0 1.0 1.0 1.0
239 251 1.0 s 5.0 1.0 1.0 1.0 1.0
216 227 1.0 s 5.0 1.0 1.0 1.0 1.0
227 241 1.0 s 5.0 1.0 1.0 1.0 1.0
226 242 1.0 s 5.0 1.0 1.0 1.0 1.0
242 248 1.0 s 5.0 1.0 1.0 1.0 1.0
222 244 1.0 s 5.0 1.0 1.0 1.0 1.0
244 245 1.0 s 5.0 1.0 1.0 1.0 1.0
330 337 1.0 s 5.0 1.0 1.0 1.0 1.0
337 352 1.0 s 5.0 1.0 1.0 1.0 1.0
323 342 1.0 s 5.0 1.0 1.0 1.0 1.0
342 346 1.0 s 5.0 1.0 1.0 1.0 1.0
207 214 1.0 s 5.0 1.0 1.0 1.0 1.0
214 231 1.0 s 5.0 1.0 1.0 1.0 1.0
201 219 1.0 s 5.0 1.0 1.0 1.0 1.0
219 224 1.0 s 5.0 1.0 1.0 1.0 1.0
335 355 1.0 s 5.0 1.0 1.0 1.0 1.0
355 356 1.0 s 5.0 1.0 1.0 1.0 1.0
331 336 1.0 s 5.0 1.0 1.0 1.0 1.0
336 354 1.0 s 5.0 1.0 1.0 1.0 1.0
327 338 1.0 s 5.0 1.0 1.0 1.0 1.0
338 351 1.0 s 5.0 1.0 1.0 1.0 1.0
340 349 1.0 s 5.0 1.0 1.0 1.0 1.0
349 361 1.0 s 5.0 1.0 1.0 1.0 1.0
324 341 1.0 s 5.0 1.0 1.0 1.0 1.0
341 348 1.0 s 5.0 1.0 1.0 1.0 1.0
211 343 1.0 s 5.0 1.0 1.0 1.0 1.0
343 345 1.0 s 5.0 1.0 1.0 1.0 1.0
210 212 1.0 s 5.0 1.0 1.0 1.0 1.0
212 344 1.0 s 5.0 1.0 1.0 1.0 1.0
209 213 1.0 s 5.0 1.0 1.0 1.0 1.0
213 232 1.0 s 5.0 1.0 1.0 1.0 1.0
206 215 1.0 s 5.0 1.0 1.0 1.0 1.0
215 228 1.0 s 5.0 1.0 1.0 1.0 1.0
194 204 1.0 s 5.0 1.0 1.0 1.0 1.0
204 217 1.0 s 5.0 1.0 1.0 1.0 1.0
203 218 1.0 s 5.0 1.0 1.0 1.0 1.0
218 225 1.0 s 5.0 1.0 1.0 1.0 1.0
200 220 1.0 s 5.0 1.0 1.0 1.0 1.0
220 221 1.0 s 5.0 1.0 1.0 1.0 1.0
357 377 1.0 s 5.0 1.0 1.0 1.0 1.0
377 378 1.0 s 5.0 1.0 1.0 1.0 1.0
353 358 1.0 s 5.0 1.0 1.0 1.0 1.0
358 376 1.0 s 5.0 1.0 1.0 1.0 1.0
359 374 1.0 s 5.0 1.0 1.0 1.0 1.0
374 381 1.0 s 5.0 1.0 1.0 1.0 1.0
350 360 1.0 s 5.0 1.0 1.0 1.0 1.0
360 373 1.0 s 5.0 1.0 1.0 1.0 1.0
362 371 1.0 s 5.0 1.0 1.0 1.0 1.0
371 384 1.0 s 5.0 1.0 1.0 1.0 1.0
347 363 1.0 s 5.0 1.0 1.0 1.0 1.0
363 370 1.0 s 5.0 1.0 1.0 1.0 1.0
364 368 1.0 s 5.0 1.0 1.0 1.0 1.0
368 387 1.0 s 5.0 1.0 1.0 1.0 1.0
189 365 1.0 s 5.0 1.0 1.0 1.0 1.0
365 367 1.0 s 5.0 1.0 1.0 1.0 1.0
188 190 1.0 s 5.0 1.0 1.0 1.0 1.0
190 366 1.0 s 5.0 1.0 1.0 1.0 1.0
187 191 1.0 s 5.0 1.0 1.0 1.0 1.0
191 208 1.0 s 5.0 1.0 1.0 1.0 1.0
167 185 1.0 s 5.0 1.0 1.0 1.0 1.0
185 192 1.0 s 5.0 1.0 1.0 1.0 1.0
184 193 1.0 s 5.0 1.0 1.0 1.0 1.0
193 205 1.0 s 5.0 1.0 1.0 1.0 1.0
170 182 1.0 s 5.0 1.0 1.0 1.0 1.0
182 195 1.0 s 5.0 1.0 1.0 1.0 1.0
181 196 1.0 s 5.0 1.0 1.0 1.0 1.0
196 202 1.0 s 5.0 1.0 1.0 1.0 1.0
173 179 1.0 s 5.0 1.0 1.0 1.0 1.0
179 197 1.0 s 5.0 1.0 1.0 1.0 1.0
178 198 1.0 s 5.0 1.0 1.0 1.0 1.0
198 199 1.0 s 5.0 1.0 1.0 1.0 1.0
379 401 1.0 s 5.0 1.0 1.0 1.0 1.0
401 402 1.0 s 5.0 1.0 1.0 1.0 1.0
375 380 1.0 s 5.0 1.0 1.0 1.0 1.0
380 400 1.0 s 5.0 1.0 1.0 1.0 1.0
382 398 1.0 s 5.0 1.0 1.0 1.0 1.0
398 405 1.0 s 5.0 1.0 1.0 1.0 1.0
372 383 1.0 s 5.0 1.0 1.0 1.0 1.0
383 397 1.0 s 5.0 1.0 1.0 1.0 1.0
385 395 1.0 s 5.0 1.0 1.0 1.0 1.0
395 408 1.0 s 5.0 1.0 1.0 1.0 1.0
369 386 1.0 s 5.0 1.0 1.0 1.0 1.0
386 394 1.0 s 5.0 1.0 1.0 1.0 1.0
388 392 1.0 s 5.0 1.0 1.0 1.0 1.0
392 411 1.0 s 5.0 1.0 1.0 1.0 1.0
164 389 1.0 s 5.0 1.0 1.0 1.0 1.0
389 391 1.0 s 5.0 1.0 1.0 1.0 1.0
163 165 1.0 s 5.0 1.0 1.0 1.0 1.0
165 390 1.0 s 5.0 1.0 1.0 1.0 1.0
162 166 1.0 s 5.0 1.0 1.0 1.0 1.0
166 186 1.0 s 5.0 1.0 1.0 1.0 1.0
142 160 1.0 s 5.0 1.0 1.0 1.0 1.0
160 168 1.0 s 5.0 1.0 1.0 1.0 1.0
159 169 1.0 s 5.0 1.0 1.0 1.0 1.0
169 183 1.0 s 5.0 1.0 1.0 1.0 1.0
145 157 1.0 s 5.0 1.0 1.0 1.0 1.0
157 171 1.0 s 5.0 1.0 1.0 1.0 1.0
156 172 1.0 s 5.0 1.0 1.0 1.0 1.0
172 180 1.0 s 5.0 1.0 1.0 1.0 1.0
148 154 1.0 s 5.0 1.0 1.0 1.0 1.0
154 174 1.0 s 5.0 1.0 1.0 1.0 1.0
153 175 1.0 s 5.0 1.0 1.0 1.0 1.0
175 177 1.0 s 5.0 1.0 1.0 1.0 1.0
403 425 1.0 s 5.0 1.0 1.0 1.0 1.0
425 426 1.0 s 5.0 1.0 1.0 1.0 1.0
399 404 1.0 s 5.0 1.0 1.0 1.0 1.0
404 424 1.0 s 5.0 1.0 1.0 1.0 1.0
406 422 1.0 s 5.0 1.0 1.0 1.0 1.0
422 429 1.0 s 5.0 1.0 1.0 1.0 1.0
396 407 1.0 s 5.0 1.0 1.0 1.0 1.0
407 421 1.0 s 5.0 1.0 1.0 1.0 1.0
409 419 1.0 s 5.0 1.0 1.0 1.0 1.0
419 432 1.0 s 5.0 1.0 1.0 1.0 1.0
393 410 1.0 s 5.0 1.0 1.0 1.0 1.0
410 418 1.0 s 5.0 1.0 1.0 1.0 1.0
412 416 1.0 s 5.0 1.0 1.0 1.0 1.0
416 435 1.0 s 5.0 1.0 1.0 1.0 1.0
139 413 1.0 s 5.0 1.0 1.0 1.0 1.0
413 415 1.0 s 5.0 1.0 1.0 1.0 1.0
138 140 1.0 s 5.0 1.0 1.0 1.0 1.0
140 414 1.0 s 5.0 1.0 1.0 1.0 1.0
137 141 1.0 s 5.0 1.0 1.0 1.0 1.0
141 161 1.0 s 5.0 1.0 1.0 1.0 1.0
118 135 1.0 s 5.0 1.0 1.0 1.0 1.0
135 143 1.0 s 5.0 1.0 1.0 1.0 1.0
134 144 1.0 s 5.0 1.0 1.0 1.0 1.0
144 158 1.0 s 5.0 1.0 1.0 1.0 1.0
121 132 1.0 s 5.0 1.0 1.0 1.0 1.0
132 146 1.0 s 5.0 1.0 1.0 1.0 1.0
131 147 1.0 s 5.0 1.0 1.0 1.0 1.0
147 155 1.0 s 5.0 1.0 1.0 1.0 1.0
124 129 1.0 s 5.0 1.0 1.0 1.0 1.0
129 149 1.0 s 5.0 1.0 1.0 1.0 1.0
128 150 1.0 s 5.0 1.0 1.0 1.0 1.0
150 152 1.0 s 5.0 1.0 1.0 1.0 1.0
427 449 1.0 s 5.0 1.0 1.0 1.0 1.0
449 450 1.0 s 5.0 1.0 1.0 1.0 1.0
423 428 1.0 s 5.0 1.0 1.0 1.0 1.0
428 448 1.0 s 5.0 1.0 1.0 1.0 1.0
430 446 1.0 s 5.0 1.0 1.0 1.0 1.0
446 453 1.0 s 5.0 1.0 1.0 1.0 1.0
420 431 1.0 s 5.0 1.0 1.0 1.0 1.0
431 445 1.0 s 5.0 1.0 1.0 1.0 1.0
433 443 1.0 s 5.0 1.0 1.0 1.0 1.0
443 456 1.0 s 5.0 1.0 1.0 1.0 1.0
417 434 1.0 s 5.0 1.0 1.0 1.0 1.0
434 442 1.0 s 5.0 1.0 1.0 1.0 1.0
436 440 1.0 s 5.0 1.0 1.0 1.0 1.0
440 459 1.0 s 5.0 1.0 1.0 1.0 1.0
115 437 1.0 s 5.0 1.0 1.0 1.0 1.0
437 439 1.0 s 5.0 1.0 1.0 1.0 1.0
114 116 1.0 s 5.0 1.0 1.0 1.0 1.0
116 438 1.0 s 5.0 1.0 1.0 1.0 1.0
113 117 1.0 s 5.0 1.0 1.0 1.0 1.0
117 136 1.0 s 5.0 1.0 1.0 1.0 1.0
94 111 1.0 s 5.0 1.0 1.0 1.0 1.0
111 119 1.0 s 5.0 1.0 1.0 1.0 1.0
110 120 1.0 s 5.0 1.0 1.0 1.0 1.0
120 133 1.0 s 5.0 1.0 1.0 1.0 1.0
97 108 1.0 s 5.0 1.0 1.0 1.0 1.0
108 122 1.0 s 5.0 1.0 1.0 1.0 1.0
107 123 1.0 s 5.0 1.0 1.0 1.0 1.0
123 130 1.0 s 5.0 1.0 1.0 1.0 1.0
100 105 1.0 s 5.0 1.0 1.0 1.0 1.0
105 125 1.0 s 5.0 1.0 1.0 1.0 1.0
104 126 1.0 s 5.0 1.0 1.0 1.0 1.0
126 127 1.0 s 5.0 1.0 1.0 1.0 1.0
451 473 1.0 s 5.0 1.0 1.0 1.0 1.0
473 474 1.0 s 5.0 1.0 1.0 1.0 1.0
447 452 1.0 s 5.0 1.0 1.0 1.0 1.0
452 472 1.0 s 5.0 1.0 1.0 1.0 1.0
454 470 1.0 s 5.0 1.0 1.0 1.0 1.0
470 477 1.0 s 5.0 1.0 1.0 1.0 1.0
477 493 1.0 s 5.0 1.0 1.0 1.0 1.0
444 455 1.0 s 5.0 1.0 1.0 1.0 1.0
455 469 1.0 s 5.0 1.0 1.0 1.0 1.0
457 467 1.0 s 5.0 1.0 1.0 1.0 1.0
467 479 1.0 s 5.0 1.0 1.0 1.0 1.0
441 458 1.0 s 5.0 1.0 1.0 1.0 1.0
458 466 1.0 s 5.0 1.0 1.0 1.0 1.0
460 464 1.0 s 5.0 1.0 1.0 1.0 1.0
464 482 1.0 s 5.0 1.0 1.0 1.0 1.0
482 486 1.0 s 5.0 1.0 1.0 1.0 1.0
91 461 1.0 s 5.0 1.0 1.0 1.0 1.0
461 463 1.0 s 5.0 1.0 1.0 1.0 1.0
90 92 1.0 s 5.0 1.0 1.0 1.0 1.0
92 462 1.0 s 5.0 1.0 1.0 1.0 1.0
89 93 1.0 s 5.0 1.0 1.0 1.0 1.0
93 112 1.0 s 5.0 1.0 1.0 1.0 1.0
64 72 1.0 s 5.0 1.0 1.0 1.0 1.0
72 87 1.0 s 5.0 1.0 1.0 1.0 1.0
87 95 1.0 s 5.0 1.0 1.0 1.0 1.0
86 96 1.0 s 5.0 1.0 1.0 1.0 1.0
96 109 1.0 s 5.0 1.0 1.0 1.0 1.0
74 84 1.0 s 5.0 1.0 1.0 1.0 1.0
84 98 1.0 s 5.0 1.0 1.0 1.0 1.0
83 99 1.0 s 5.0 1.0 1.0 1.0 1.0
99 106 1.0 s 5.0 1.0 1.0 1.0 1.0
57 77 1.0 s 5.0 1.0 1.0 1.0 1.0
77 81 1.0 s 5.0 1.0 1.0 1.0 1.0
81 101 1.0 s 5.0 1.0 1.0 1.0 1.0
80 102 1.0 s 5.0 1.0 1.0 1.0 1.0
102 103 1.0 s 5.0 1.0 1.0 1.0 1.0
475 497 1.0 s 5.0 1.0 1.0 1.0 1.0
497 498 1.0 s 5.0 1.0 1.0 1.0 1.0
471 476 1.0 s 5.0 1.0 1.0 1.0 1.0
476 496 1.0 s 5.0 1.0 1.0 1.0 1.0
468 478 1.0 s 5.0 1.0 1.0 1.0 1.0
478 492 1.0 s 5.0 1.0 1.0 1.0 1.0
480 490 1.0 s 5.0 1.0 1.0 1.0 1.0
490 503 1.0 s 5.0 1.0 1.0 1.0 1.0
465 481 1.0 s 5.0 1.0 1.0 1.0 1.0
481 489 1.0 s 5.0 1.0 1.0 1.0 1.0
69 483 1.0 s 5.0 1.0 1.0 1.0 1.0
483 485 1.0 s 5.0 1.0 1.0 1.0 1.0
68 70 1.0 s 5.0 1.0 1.0 1.0 1.0
70 484 1.0 s 5.0 1.0 1.0 1.0 1.0
67 71 1.0 s 5.0 1.0 1.0 1.0 1.0
71 88 1.0 s 5.0 1.0 1.0 1.0 1.0
63 73 1.0 s 5.0 1.0 1.0 1.0 1.0
73 85 1.0 s 5.0 1.0 1.0 1.0 1.0
50 61 1.0 s 5.0 1.0 1.0 1.0 1.0
61 75 1.0 s 5.0 1.0 1.0 1.0 1.0
60 76 1.0 s 5.0 1.0 1.0 1.0 1.0
76 82 1.0 s 5.0 1.0 1.0 1.0 1.0
56 78 1.0 s 5.0 1.0 1.0 1.0 1.0
78 79 1.0 s 5.0 1.0 1.0 1.0 1.0
494 501 1.0 s 5.0 1.0 1.0 1.0 1.0
501 517 1.0 s 5.0 1.0 1.0 1.0 1.0
487 507 1.0 s 5.0 1.0 1.0 1.0 1.0
507 511 1.0 s 5.0 1.0 1.0 1.0 1.0
41 48 1.0 s 5.0 1.0 1.0 1.0 1.0
48 65 1.0 s 5.0 1.0 1.0 1.0 1.0
35 53 1.0 s 5.0 1.0 1.0 1.0 1.0
53 58 1.0 s 5.0 1.0 1.0 1.0 1.0
499 520 1.0 s 5.0 1.0 1.0 1.0 1.0
520 521 1.0 s 5.0 1.0 1.0 1.0 1.0
495 500 1.0 s 5.0 1.0 1.0 1.0 1.0
500 519 1.0 s 5.0 1.0 1.0 1.0 1.0
491 502 1.0 s 5.0 1.0 1.0 1.0 1.0
502 516 1.0 s 5.0 1.0 1.0 1.0 1.0
504 514 1.0 s 5.0 1.0 1.0 1.0 1.0
514 526 1.0 s 5.0 1.0 1.0 1.0 1.0
488 505 1.0 s 5.0 1.0 1.0 1.0 1.0
505 506 1.0 s 5.0 1.0 1.0 1.0 1.0
506 513 1.0 s 5.0 1.0 1.0 1.0 1.0
45 508 1.0 s 5.0 1.0 1.0 1.0 1.0
508 510 1.0 s 5.0 1.0 1.0 1.0 1.0
44 46 1.0 s 5.0 1.0 1.0 1.0 1.0
46 509 1.0 s 5.0 1.0 1.0 1.0 1.0
43 47 1.0 s 5.0 1.0 1.0 1.0 1.0
47 66 1.0 s 5.0 1.0 1.0 1.0 1.0
40 49 1.0 s 5.0 1.0 1.0 1.0 1.0
49 62 1.0 s 5.0 1.0 1.0 1.0 1.0
27 38 1.0 s 5.0 1.0 1.0 1.0 1.0
38 51 1.0 s 5.0 1.0 1.0 1.0 1.0
37 52 1.0 s 5.0 1.0 1.0 1.0 1.0
52 59 1.0 s 5.0 1.0 1.0 1.0 1.0
34 54 1.0 s 5.0 1.0 1.0 1.0 1.0
54 55 1.0 s 5.0 1.0 1.0 1.0 1.0
522 542 1.0 s 5.0 1.0 1.0 1.0 1.0
542 544 1.0 s 5.0 1.0 1.0 1.0 1.0
518 523 1.0 s 5.0 1.0 1.0 1.0 1.0
523 541 1.0 s 5.0 1.0 1.0 1.0 1.0
524 539 1.0 s 5.0 1.0 1.0 1.0 1.0
539 546 1.0 s 5.0 1.0 1.0 1.0 1.0
515 525 1.0 s 5.0 1.0 1.0 1.0 1.0
525 538 1.0 s 5.0 1.0 1.0 1.0 1.0
527 536 1.0 s 5.0 1.0 1.0 1.0 1.0
536 548 1.0 s 5.0 1.0 1.0 1.0 1.0
512 528 1.0 s 5.0 1.0 1.0 1.0 1.0
528 535 1.0 s 5.0 1.0 1.0 1.0 1.0
529 533 1.0 s 5.0 1.0 1.0 1.0 1.0
533 550 1.0 s 5.0 1.0 1.0 1.0 1.0
22 530 1.0 s 5.0 1.0 1.0 1.0 1.0
530 532 1.0 s 5.0 1.0 1.0 1.0 1.0
21 23 1.0 s 5.0 1.0 1.0 1.0 1.0
23 531 1.0 s 5.0 1.0 1.0 1.0 1.0
20 24 1.0 s 5.0 1.0 1.0 1.0 1.0
24 42 1.0 s 5.0 1.0 1.0 1.0 1.0
4 18 1.0 s 5.0 1.0 1.0 1.0 1.0
18 25 1.0 s 5.0 1.0 1.0 1.0 1.0
17 26 1.0 s 5.0 1.0 1.0 1.0 1.0
26 39 1.0 s 5.0 1.0 1.0 1.0 1.0
6 15 1.0 s 5.0 1.0 1.0 1.0 1.0
15 28 1.0 s 5.0 1.0 1.0 1.0 1.0
14 29 1.0 s 5.0 1.0 1.0 1.0 1.0
29 36 1.0 s 5.0 1.0 1.0 1.0 1.0
8 12 1.0 s 5.0 1.0 1.0 1.0 1.0
12 30 1.0 s 5.0 1.0 1.0 1.0 1.0
11 31 1.0 s 5.0 1.0 1.0 1.0 1.0
31 33 1.0 s 5.0 1.0 1.0 1.0 1.0
540 545 1.0 s 5.0 1.0 1.0 1.0 1.0
537 547 1.0 s 5.0 1.0 1.0 1.0 1.0
534 549 1.0 s 5.0 1.0 1.0 1.0 1.0
3 19 1.0 s 5.0 1.0 1.0 1.0 1.0
5 16 1.0 s 5.0 1.0 1.0 1.0 1.0
7 13 1.0 s 5.0 1.0 1.0 1.0 1.0
9 10 1.0 s 5.0 1.0 1.0 1.0 1.0
