12768
0 551 1.0 s 5.0 1.0 1.0 1.0 1.0
1 552 1.0 s 5.0 1.0 1.0 1.0 1.0
2 553 1.0 s 5.0 1.0 1.0 1.0 1.0
3 554 1.0 s 5.0 1.0 1.0 1.0 1.0
4 555 1.0 s 5.0 1.0 1.0 1.0 1.0
5 556 1.0 s 5.0 1.0 1.0 1.0 1.0
6 557 1.0 s 5.0 1.0 1.0 1.0 1.0
7 558 1.0 s 5.0 1.0 1.0 1.0 1.0
8 559 1.0 s 5.0 1.0 1.0 1.0 1.0
9 560 1.0 s 5.0 1.0 1.0 1.0 1.0
10 561 1.0 s 5.0 1.0 1.0 1.0 1.0
11 562 1.0 s 5.0 1.0 1.0 1.0 1.0
12 563 1.0 s 5.0 1.0 1.0 1.0 1.0
13 564 1.0 s 5.0 1.0 1.0 1.0 1.0
14 565 1.0 s 5.0 1.0 1.0 1.0 1.0
15 566 1.0 s 5.0 1.0 1.0 1.0 1.0
16 567 1.0 s 5.0 1.0 1.0 1.0 1.0
17 568 1.0 s 5.0 1.0 1.0 1.0 1.0
18 569 1.0 s 5.0 1.0 1.0 1.0 1.0
19 570 1.0 s 5.0 1.0 1.0 1.0 1.0
20 571 1.0 s 5.0 1.0 1.0 1.0 1.0
21 572 1.0 s 5.0 1.0 1.0 1.0 1.0
22 573 1.0 s 5.0 1.0 1.0 1.0 1.0
23 574 1.0 s 5.0 1.0 1.0 1.0 1.0
24 575 1.0 s 5.0 1.0 1.0 1.0 1.0
25 576 1.0 s 5.0 1.0 1.0 1.0 1.0
26 577 1.0 s 5.0 1.0 1.0 1.0 1.0
27 578 1.0 s 5.0 1.0 1.0 1.0 1.0
28 579 1.0 s 5.0 1.0 1.0 1.0 1.0
29 580 1.0 s 5.0 1.0 1.0 1.0 1.0
30 581 1.0 s 5.0 1.0 1.0 1.0 1.0
31 582 1.0 s 5.0 1.0 1.0 1.0 1.0
32 583 1.0 s 5.0 1.0 1.0 1.0 1.0
33 584 1.0 s 5.0 1.0 1.0 1.0 1.0
34 585 1.0 s 5.0 1.0 1.0 1.0 1.0
35 586 1.0 s 5.0 1.0 1.0 1.0 1.0
36 587 1.0 s 5.0 1.0 1.0 1.0 1.0
37 588 1.0 s 5.0 1.0 1.0 1.0 1.0
38 589 1.0 s 5.0 1.0 1.0 1.0 1.0
39 590 1.0 s 5.0 1.0 1.0 1.0 1.0
40 591 1.0 s 5.0 1.0 1.0 1.0 1.0
41 592 1.0 s 5.0 1.0 1.0 1.0 1.0
42 593 1.0 s 5.0 1.0 1.0 1.0 1.0
43 594 1.0 s 5.0 1.0 1.0 1.0 1.0
44 595 1.0 s 5.0 1.0 1.0 1.0 1.0
45 596 1.0 s 5.0 1.0 1.0 1.0 1.0
46 597 1.0 s 5.0 1.0 1.0 1.0 1.0
47 598 1.0 s 5.0 1.0 1.0 1.0 1.0
48 599 1.0 s 5.0 1.0 1.0 1.0 1.0
49 600 1.0 s 5.0 1.0 1.0 1.0 1.0
50 601 1.0 s 5.0 1.0 1.0 1.0 1.0
51 602 1.0 s 5.0 1.0 1.0 1.0 1.0
52 603 1.0 s 5.0 1.0 1.0 1.0 1.0
53 604 1.0 s 5.0 1.0 1.0 1.0 1.0
54 605 1.0 s 5.0 1.0 1.0 1.0 1.0
55 606 1.0 s 5.0 1.0 1.0 1.0 1.0
56 607 1.0 s 5.0 1.0 1.0 1.0 1.0
57 608 1.0 s 5.0 1.0 1.0 1.0 1.0
58 609 1.0 s 5.0 1.0 1.0 1.0 1.0
59 610 1.0 s 5.0 1.0 1.0 1.0 1.0
60 611 1.0 s 5.0 1.0 1.0 1.0 1.0
61 612 1.0 s 5.0 1.0 1.0 1.0 1.0
62 613 1.0 s 5.0 1.0 1.0 1.0 1.0
63 614 1.0 s 5.0 1.0 1.0 1.0 1.0
64 615 1.0 s 5.0 1.0 1.0 1.0 1.0
65 616 1.0 s 5.0 1.0 1.0 1.0 1.0
66 617 1.0 s 5.0 1.0 1.0 1.0 1.0
67 618 1.0 s 5.0 1.0 1.0 1.0 1.0
68 619 1.0 s 5.0 1.0 1.0 1.0 1.0
69 620 1.0 s 5.0 1.0 1.0 1.0 1.0
70 621 1.0 s 5.0 1.0 1.0 1.0 1.0
71 622 1.0 s 5.0 1.0 1.0 1.0 1.0
72 623 1.0 s 5.0 1.0 1.0 1.0 1.0
73 624 1.0 s 5.0 1.0 1.0 1.0 1.0
74 625 1.0 s 5.0 1.0 1.0 1.0 1.0
75 626 1.0 s 5.0 1.0 1.0 1.0 1.0
76 627 1.0 s 5.0 1.0 1.0 1.0 1.0
77 628 1.0 s 5.0 1.0 1.0 1.0 1.0
78 629 1.0 s 5.0 1.0 1.0 1.0 1.0
79 630 1.0 s 5.0 1.0 1.0 1.0 1.0
80 631 1.0 s 5.0 1.0 1.0 1.0 1.0
81 632 1.0 s 5.0 1.0 1.0 1.0 1.0
82 633 1.0 s 5.0 1.0 1.0 1.0 1.0
83 634 1.0 s 5.0 1.0 1.0 1.0 1.0
84 635 1.0 s 5.0 1.0 1.0 1.0 1.0
85 636 1.0 s 5.0 1.0 1.0 1.0 1.0
86 637 1.0 s 5.0 1.0 1.0 1.0 1.0
87 638 1.0 s 5.0 1.0 1.0 1.0 1.0
88 639 1.0 s 5.0 1.0 1.0 1.0 1.0
89 640 1.0 s 5.0 1.0 1.0 1.0 1.0
90 641 1.0 s 5.0 1.0 1.0 1.0 1.0
91 642 1.0 s 5.0 1.0 1.0 1.0 1.0
92 643 1.0 s 5.0 1.0 1.0 1.0 1.0
93 644 1.0 s 5.0 1.0 1.0 1.0 1.0
94 645 1.0 s 5.0 1.0 1.0 1.0 1.0
95 646 1.0 s 5.0 1.0 1.0 1.0 1.0
96 647 1.0 s 5.0 1.0 1.0 1.0 1.0
97 648 1.0 s 5.0 1.0 1.0 1.0 1.0
98 649 1.0 s 5.0 1.0 1.0 1.0 1.0
99 650 1.0 s 5.0 1.0 1.0 1.0 1.0
100 651 1.0 s 5.0 1.0 1.0 1.0 1.0
101 652 1.0 s 5.0 1.0 1.0 1.0 1.0
102 653 1.0 s 5.0 1.0 1.0 1.0 1.0
103 654 1.0 s 5.0 1.0 1.0 1.0 1.0
104 655 1.0 s 5.0 1.0 1.0 1.0 1.0
105 656 1.0 s 5.0 1.0 1.0 1.0 1.0
106 657 1.0 s 5.0 1.0 1.0 1.0 1.0
107 658 1.0 s 5.0 1.0 1.0 1.0 1.0
108 659 1.0 s 5.0 1.0 1.0 1.0 1.0
109 660 1.0 s 5.0 1.0 1.0 1.0 1.0
110 661 1.0 s 5.0 1.0 1.0 1.0 1.0
111 662 1.0 s 5.0 1.0 1.0 1.0 1.0
112 663 1.0 s 5.0 1.0 1.0 1.0 1.0
113 664 1.0 s 5.0 1.0 1.0 1.0 1.0
114 665 1.0 s 5.0 1.0 1.0 1.0 1.0
115 666 1.0 s 5.0 1.0 1.0 1.0 1.0
116 667 1.0 s 5.0 1.0 1.0 1.0 1.0
117 668 1.0 s 5.0 1.0 1.0 1.0 1.0
118 669 1.0 s 5.0 1.0 1.0 1.0 1.0
119 670 1.0 s 5.0 1.0 1.0 1.0 1.0
120 671 1.0 s 5.0 1.0 1.0 1.0 1.0
121 672 1.0 s 5.0 1.0 1.0 1.0 1.0
122 673 1.0 s 5.0 1.0 1.0 1.0 1.0
123 674 1.0 s 5.0 1.0 1.0 1.0 1.0
124 675 1.0 s 5.0 1.0 1.0 1.0 1.0
125 676 1.0 s 5.0 1.0 1.0 1.0 1.0
126 677 1.0 s 5.0 1.0 1.0 1.0 1.0
127 678 1.0 s 5.0 1.0 1.0 1.0 1.0
128 679 1.0 s 5.0 1.0 1.0 1.0 1.0
129 680 1.0 s 5.0 1.0 1.0 1.0 1.0
130 681 1.0 s 5.0 1.0 1.0 1.0 1.0
131 682 1.0 s 5.0 1.0 1.0 1.0 1.0
132 683 1.0 s 5.0 1.0 1.0 1.0 1.0
133 684 1.0 s 5.0 1.0 1.0 1.0 1.0
134 685 1.0 s 5.0 1.0 1.0 1.0 1.0
135 686 1.0 s 5.0 1.0 1.0 1.0 1.0
136 687 1.0 s 5.0 1.0 1.0 1.0 1.0
137 688 1.0 s 5.0 1.0 1.0 1.0 1.0
138 689 1.0 s 5.0 1.0 1.0 1.0 1.0
139 690 1.0 s 5.0 1.0 1.0 1.0 1.0
140 691 1.0 s 5.0 1.0 1.0 1.0 1.0
141 692 1.0 s 5.0 1.0 1.0 1.0 1.0
142 693 1.0 s 5.0 1.0 1.0 1.0 1.0
143 694 1.0 s 5.0 1.0 1.0 1.0 1.0
144 695 1.0 s 5.0 1.0 1.0 1.0 1.0
145 696 1.0 s 5.0 1.0 1.0 1.0 1.0
146 697 1.0 s 5.0 1.0 1.0 1.0 1.0
147 698 1.0 s 5.0 1.0 1.0 1.0 1.0
148 699 1.0 s 5.0 1.0 1.0 1.0 1.0
149 700 1.0 s 5.0 1.0 1.0 1.0 1.0
150 701 1.0 s 5.0 1.0 1.0 1.0 1.0
151 702 1.0 s 5.0 1.0 1.0 1.0 1.0
152 703 1.0 s 5.0 1.0 1.0 1.0 1.0
153 704 1.0 s 5.0 1.0 1.0 1.0 1.0
154 705 1.0 s 5.0 1.0 1.0 1.0 1.0
155 706 1.0 s 5.0 1.0 1.0 1.0 1.0
156 707 1.0 s 5.0 1.0 1.0 1.0 1.0
157 708 1.0 s 5.0 1.0 1.0 1.0 1.0
158 709 1.0 s 5.0 1.0 1.0 1.0 1.0
159 710 1.0 s 5.0 1.0 1.0 1.0 1.0
160 711 1.0 s 5.0 1.0 1.0 1.0 1.0
161 712 1.0 s 5.0 1.0 1.0 1.0 1.0
162 713 1.0 s 5.0 1.0 1.0 1.0 1.0
163 714 1.0 s 5.0 1.0 1.0 1.0 1.0
164 715 1.0 s 5.0 1.0 1.0 1.0 1.0
165 716 1.0 s 5.0 1.0 1.0 1.0 1.0
166 717 1.0 s 5.0 1.0 1.0 1.0 1.0
167 718 1.0 s 5.0 1.0 1.0 1.0 1.0
168 719 1.0 s 5.0 1.0 1.0 1.0 1.0
169 720 1.0 s 5.0 1.0 1.0 1.0 1.0
170 721 1.0 s 5.0 1.0 1.0 1.0 1.0
171 722 1.0 s 5.0 1.0 1.0 1.0 1.0
172 723 1.0 s 5.0 1.0 1.0 1.0 1.0
173 724 1.0 s 5.0 1.0 1.0 1.0 1.0
174 725 1.0 s 5.0 1.0 1.0 1.0 1.0
175 726 1.0 s 5.0 1.0 1.0 1.0 1.0
176 727 1.0 s 5.0 1.0 1.0 1.0 1.0
177 728 1.0 s 5.0 1.0 1.0 1.0 1.0
178 729 1.0 s 5.0 1.0 1.0 1.0 1.0
179 730 1.0 s 5.0 1.0 1.0 1.0 1.0
180 731 1.0 s 5.0 1.0 1.0 1.0 1.0
181 732 1.0 s 5.0 1.0 1.0 1.0 1.0
182 733 1.0 s 5.0 1.0 1.0 1.0 1.0
183 734 1.0 s 5.0 1.0 1.0 1.0 1.0
184 735 1.0 s 5.0 1.0 1.0 1.0 1.0
185 736 1.0 s 5.0 1.0 1.0 1.0 1.0
186 737 1.0 s 5.0 1.0 1.0 1.0 1.0
187 738 1.0 s 5.0 1.0 1.0 1.0 1.0
188 739 1.0 s 5.0 1.0 1.0 1.0 1.0
189 740 1.0 s 5.0 1.0 1.0 1.0 1.0
190 741 1.0 s 5.0 1.0 1.0 1.0 1.0
191 742 1.0 s 5.0 1.0 1.0 1.0 1.0
192 743 1.0 s 5.0 1.0 1.0 1.0 1.0
193 744 1.0 s 5.0 1.0 1.0 1.0 1.0
194 745 1.0 s 5.0 1.0 1.0 1.0 1.0
195 746 1.0 s 5.0 1.0 1.0 1.0 1.0
196 747 1.0 s 5.0 1.0 1.0 1.0 1.0
197 748 1.0 s 5.0 1.0 1.0 1.0 1.0
198 749 1.0 s 5.0 1.0 1.0 1.0 1.0
199 750 1.0 s 5.0 1.0 1.0 1.0 1.0
200 751 1.0 s 5.0 1.0 1.0 1.0 1.0
201 752 1.0 s 5.0 1.0 1.0 1.0 1.0
202 753 1.0 s 5.0 1.0 1.0 1.0 1.0
203 754 1.0 s 5.0 1.0 1.0 1.0 1.0
204 755 1.0 s 5.0 1.0 1.0 1.0 1.0
205 756 1.0 s 5.0 1.0 1.0 1.0 1.0
206 757 1.0 s 5.0 1.0 1.0 1.0 1.0
207 758 1.0 s 5.0 1.0 1.0 1.0 1.0
208 759 1.0 s 5.0 1.0 1.0 1.0 1.0
209 760 1.0 s 5.0 1.0 1.0 1.0 1.0
210 761 1.0 s 5.0 1.0 1.0 1.0 1.0
211 762 1.0 s 5.0 1.0 1.0 1.0 1.0
212 763 1.0 s 5.0 1.0 1.0 1.0 1.0
213 764 1.0 s 5.0 1.0 1.0 1.0 1.0
214 765 1.0 s 5.0 1.0 1.0 1.0 1.0
215 766 1.0 s 5.0 1.0 1.0 1.0 1.0
216 767 1.0 s 5.0 1.0 1.0 1.0 1.0
217 768 1.0 s 5.0 1.0 1.0 1.0 1.0
218 769 1.0 s 5.0 1.0 1.0 1.0 1.0
219 770 1.0 s 5.0 1.0 1.0 1.0 1.0
220 771 1.0 s 5.0 1.0 1.0 1.0 1.0
221 772 1.0 s 5.0 1.0 1.0 1.0 1.0
222 773 1.0 s 5.0 1.0 1.0 1.0 1.0
223 774 1.0 s 5.0 1.0 1.0 1.0 1.0
224 775 1.0 s 5.0 1.0 1.0 1.0 1.0
225 776 1.0 s 5.0 1.0 1.0 1.0 1.0
226 777 1.0 s 5.0 1.0 1.0 1.0 1.0
227 778 1.0 s 5.0 1.0 1.0 1.0 1.0
228 779 1.0 s 5.0 1.0 1.0 1.0 1.0
229 780 1.0 s 5.0 1.0 1.0 1.0 1.0
230 781 1.0 s 5.0 1.0 1.0 1.0 1.0
231 782 1.0 s 5.0 1.0 1.0 1.0 1.0
232 783 1.0 s 5.0 1.0 1.0 1.0 1.0
233 784 1.0 s 5.0 1.0 1.0 1.0 1.0
234 785 1.0 s 5.0 1.0 1.0 1.0 1.0
235 786 1.0 s 5.0 1.0 1.0 1.0 1.0
236 787 1.0 s 5.0 1.0 1.0 1.0 1.0
237 788 1.0 s 5.0 1.0 1.0 1.0 1.0
238 789 1.0 s 5.0 1.0 1.0 1.0 1.0
239 790 1.0 s 5.0 1.0 1.0 1.0 1.0
240 791 1.0 s 5.0 1.0 1.0 1.0 1.0
241 792 1.0 s 5.0 1.0 1.0 1.0 1.0
242 793 1.0 s 5.0 1.0 1.0 1.0 1.0
243 794 1.0 s 5.0 1.0 1.0 1.0 1.0
244 795 1.0 s 5.0 1.0 1.0 1.0 1.0
245 796 1.0 s 5.0 1.0 1.0 1.0 1.0
246 797 1.0 s 5.0 1.0 1.0 1.0 1.0
247 798 1.0 s 5.0 1.0 1.0 1.0 1.0
248 799 1.0 s 5.0 1.0 1.0 1.0 1.0
249 800 1.0 s 5.0 1.0 1.0 1.0 1.0
250 801 1.0 s 5.0 1.0 1.0 1.0 1.0
251 802 1.0 s 5.0 1.0 1.0 1.0 1.0
252 803 1.0 s 5.0 1.0 1.0 1.0 1.0
253 804 1.0 s 5.0 1.0 1.0 1.0 1.0
254 805 1.0 s 5.0 1.0 1.0 1.0 1.0
255 806 1.0 s 5.0 1.0 1.0 1.0 1.0
256 807 1.0 s 5.0 1.0 1.0 1.0 1.0
257 808 1.0 s 5.0 1.0 1.0 1.0 1.0
258 809 1.0 s 5.0 1.0 1.0 1.0 1.0
259 810 1.0 s 5.0 1.0 1.0 1.0 1.0
260 811 1.0 s 5.0 1.0 1.0 1.0 1.0
261 812 1.0 s 5.0 1.0 1.0 1.0 1.0
262 813 1.0 s 5.0 1.0 1.0 1.0 1.0
263 814 1.0 s 5.0 1.0 1.0 1.0 1.0
264 815 1.0 s 5.0 1.0 1.0 1.0 1.0
265 816 1.0 s 5.0 1.0 1.0 1.0 1.0
266 817 1.0 s 5.0 1.0 1.0 1.0 1.0
267 818 1.0 s 5.0 1.0 1.0 1.0 1.0
268 819 1.0 s 5.0 1.0 1.0 1.0 1.0
269 820 1.0 s 5.0 1.0 1.0 1.0 1.0
270 821 1.0 s 5.0 1.0 1.0 1.0 1.0
271 822 1.0 s 5.0 1.0 1.0 1.0 1.0
272 823 1.0 s 5.0 1.0 1.0 1.0 1.0
273 824 1.0 s 5.0 1.0 1.0 1.0 1.0
274 825 1.0 s 5.0 1.0 1.0 1.0 1.0
275 826 1.0 s 5.0 1.0 1.0 1.0 1.0
276 827 1.0 s 5.0 1.0 1.0 1.0 1.0
277 828 1.0 s 5.0 1.0 1.0 1.0 1.0
278 829 1.0 s 5.0 1.0 1.0 1.0 1.0
279 830 1.0 s 5.0 1.0 1.0 1.0 1.0
280 831 1.0 s 5.0 1.0 1.0 1.0 1.0
281 832 1.0 s 5.0 1.0 1.0 1.0 1.0
282 833 1.0 s 5.0 1.0 1.0 1.0 1.0
283 834 1.0 s 5.0 1.0 1.0 1.0 1.0
284 835 1.0 s 5.0 1.0 1.0 1.0 1.0
285 836 1.0 s 5.0 1.0 1.0 1.0 1.0
286 837 1.0 s 5.0 1.0 1.0 1.0 1.0
287 838 1.0 s 5.0 1.0 1.0 1.0 1.0
288 839 1.0 s 5.0 1.0 1.0 1.0 1.0
289 840 1.0 s 5.0 1.0 1.0 1.0 1.0
290 841 1.0 s 5.0 1.0 1.0 1.0 1.0
291 842 1.0 s 5.0 1.0 1.0 1.0 1.0
292 843 1.0 s 5.0 1.0 1.0 1.0 1.0
293 844 1.0 s 5.0 1.0 1.0 1.0 1.0
294 845 1.0 s 5.0 1.0 1.0 1.0 1.0
295 846 1.0 s 5.0 1.0 1.0 1.0 1.0
296 847 1.0 s 5.0 1.0 1.0 1.0 1.0
297 848 1.0 s 5.0 1.0 1.0 1.0 1.0
298 849 1.0 s 5.0 1.0 1.0 1.0 1.0
299 850 1.0 s 5.0 1.0 1.0 1.0 1.0
300 851 1.0 s 5.0 1.0 1.0 1.0 1.0
301 852 1.0 s 5.0 1.0 1.0 1.0 1.0
302 853 1.0 s 5.0 1.0 1.0 1.0 1.0
303 854 1.0 s 5.0 1.0 1.0 1.0 1.0
304 855 1.0 s 5.0 1.0 1.0 1.0 1.0
305 856 1.0 s 5.0 1.0 1.0 1.0 1.0
306 857 1.0 s 5.0 1.0 1.0 1.0 1.0
307 858 1.0 s 5.0 1.0 1.0 1.0 1.0
308 859 1.0 s 5.0 1.0 1.0 1.0 1.0
309 860 1.0 s 5.0 1.0 1.0 1.0 1.0
310 861 1.0 s 5.0 1.0 1.0 1.0 1.0
311 862 1.0 s 5.0 1.0 1.0 1.0 1.0
312 863 1.0 s 5.0 1.0 1.0 1.0 1.0
313 864 1.0 s 5.0 1.0 1.0 1.0 1.0
314 865 1.0 s 5.0 1.0 1.0 1.0 1.0
315 866 1.0 s 5.0 1.0 1.0 1.0 1.0
316 867 1.0 s 5.0 1.0 1.0 1.0 1.0
317 868 1.0 s 5.0 1.0 1.0 1.0 1.0
318 869 1.0 s 5.0 1.0 1.0 1.0 1.0
319 870 1.0 s 5.0 1.0 1.0 1.0 1.0
320 871 1.0 s 5.0 1.0 1.0 1.0 1.0
321 872 1.0 s 5.0 1.0 1.0 1.0 1.0
322 873 1.0 s 5.0 1.0 1.0 1.0 1.0
323 874 1.0 s 5.0 1.0 1.0 1.0 1.0
324 875 1.0 s 5.0 1.0 1.0 1.0 1.0
325 876 1.0 s 5.0 1.0 1.0 1.0 1.0
326 877 1.0 s 5.0 1.0 1.0 1.0 1.0
327 878 1.0 s 5.0 1.0 1.0 1.0 1.0
328 879 1.0 s 5.0 1.0 1.0 1.0 1.0
329 880 1.0 s 5.0 1.0 1.0 1.0 1.0
330 881 1.0 s 5.0 1.0 1.0 1.0 1.0
331 882 1.0 s 5.0 1.0 1.0 1.0 1.0
332 883 1.0 s 5.0 1.0 1.0 1.0 1.0
333 884 1.0 s 5.0 1.0 1.0 1.0 1.0
334 885 1.0 s 5.0 1.0 1.0 1.0 1.0
335 886 1.0 s 5.0 1.0 1.0 1.0 1.0
336 887 1.0 s 5.0 1.0 1.0 1.0 1.0
337 888 1.0 s 5.0 1.0 1.0 1.0 1.0
338 889 1.0 s 5.0 1.0 1.0 1.0 1.0
339 890 1.0 s 5.0 1.0 1.0 1.0 1.0
340 891 1.0 s 5.0 1.0 1.0 1.0 1.0
341 892 1.0 s 5.0 1.0 1.0 1.0 1.0
342 893 1.0 s 5.0 1.0 1.0 1.0 1.0
343 894 1.0 s 5.0 1.0 1.0 1.0 1.0
344 895 1.0 s 5.0 1.0 1.0 1.0 1.0
345 896 1.0 s 5.0 1.0 1.0 1.0 1.0
346 897 1.0 s 5.0 1.0 1.0 1.0 1.0
347 898 1.0 s 5.0 1.0 1.0 1.0 1.0
348 899 1.0 s 5.0 1.0 1.0 1.0 1.0
349 900 1.0 s 5.0 1.0 1.0 1.0 1.0
350 901 1.0 s 5.0 1.0 1.0 1.0 1.0
351 902 1.0 s 5.0 1.0 1.0 1.0 1.0
352 903 1.0 s 5.0 1.0 1.0 1.0 1.0
353 904 1.0 s 5.0 1.0 1.0 1.0 1.0
354 905 1.0 s 5.0 1.0 1.0 1.0 1.0
355 906 1.0 s 5.0 1.0 1.0 1.0 1.0
356 907 1.0 s 5.0 1.0 1.0 1.0 1.0
357 908 1.0 s 5.0 1.0 1.0 1.0 1.0
358 909 1.0 s 5.0 1.0 1.0 1.0 1.0
359 910 1.0 s 5.0 1.0 1.0 1.0 1.0
360 911 1.0 s 5.0 1.0 1.0 1.0 1.0
361 912 1.0 s 5.0 1.0 1.0 1.0 1.0
362 913 1.0 s 5.0 1.0 1.0 1.0 1.0
363 914 1.0 s 5.0 1.0 1.0 1.0 1.0
364 915 1.0 s 5.0 1.0 1.0 1.0 1.0
365 916 1.0 s 5.0 1.0 1.0 1.0 1.0
366 917 1.0 s 5.0 1.0 1.0 1.0 1.0
367 918 1.0 s 5.0 1.0 1.0 1.0 1.0
368 919 1.0 s 5.0 1.0 1.0 1.0 1.0
369 920 1.0 s 5.0 1.0 1.0 1.0 1.0
370 921 1.0 s 5.0 1.0 1.0 1.0 1.0
371 922 1.0 s 5.0 1.0 1.0 1.0 1.0
372 923 1.0 s 5.0 1.0 1.0 1.0 1.0
373 924 1.0 s 5.0 1.0 1.0 1.0 1.0
374 925 1.0 s 5.0 1.0 1.0 1.0 1.0
375 926 1.0 s 5.0 1.0 1.0 1.0 1.0
376 927 1.0 s 5.0 1.0 1.0 1.0 1.0
377 928 1.0 s 5.0 1.0 1.0 1.0 1.0
378 929 1.0 s 5.0 1.0 1.0 1.0 1.0
379 930 1.0 s 5.0 1.0 1.0 1.0 1.0
380 931 1.0 s 5.0 1.0 1.0 1.0 1.0
381 932 1.0 s 5.0 1.0 1.0 1.0 1.0
382 933 1.0 s 5.0 1.0 1.0 1.0 1.0
383 934 1.0 s 5.0 1.0 1.0 1.0 1.0
384 935 1.0 s 5.0 1.0 1.0 1.0 1.0
385 936 1.0 s 5.0 1.0 1.0 1.0 1.0
386 937 1.0 s 5.0 1.0 1.0 1.0 1.0
387 938 1.0 s 5.0 1.0 1.0 1.0 1.0
388 939 1.0 s 5.0 1.0 1.0 1.0 1.0
389 940 1.0 s 5.0 1.0 1.0 1.0 1.0
390 941 1.0 s 5.0 1.0 1.0 1.0 1.0
391 942 1.0 s 5.0 1.0 1.0 1.0 1.0
392 943 1.0 s 5.0 1.0 1.0 1.0 1.0
393 944 1.0 s 5.0 1.0 1.0 1.0 1.0
394 945 1.0 s 5.0 1.0 1.0 1.0 1.0
395 946 1.0 s 5.0 1.0 1.0 1.0 1.0
396 947 1.0 s 5.0 1.0 1.0 1.0 1.0
397 948 1.0 s 5.0 1.0 1.0 1.0 1.0
398 949 1.0 s 5.0 1.0 1.0 1.0 1.0
399 950 1.0 s 5.0 1.0 1.0 1.0 1.0
400 951 1.0 s 5.0 1.0 1.0 1.0 1.0
401 952 1.0 s 5.0 1.0 1.0 1.0 1.0
402 953 1.0 s 5.0 1.0 1.0 1.0 1.0
403 954 1.0 s 5.0 1.0 1.0 1.0 1.0
404 955 1.0 s 5.0 1.0 1.0 1.0 1.0
405 956 1.0 s 5.0 1.0 1.0 1.0 1.0
406 957 1.0 s 5.0 1.0 1.0 1.0 1.0
407 958 1.0 s 5.0 1.0 1.0 1.0 1.0
408 959 1.0 s 5.0 1.0 1.0 1.0 1.0
409 960 1.0 s 5.0 1.0 1.0 1.0 1.0
410 961 1.0 s 5.0 1.0 1.0 1.0 1.0
411 962 1.0 s 5.0 1.0 1.0 1.0 1.0
412 963 1.0 s 5.0 1.0 1.0 1.0 1.0
413 964 1.0 s 5.0 1.0 1.0 1.0 1.0
414 965 1.0 s 5.0 1.0 1.0 1.0 1.0
415 966 1.0 s 5.0 1.0 1.0 1.0 1.0
416 967 1.0 s 5.0 1.0 1.0 1.0 1.0
417 968 1.0 s 5.0 1.0 1.0 1.0 1.0
418 969 1.0 s 5.0 1.0 1.0 1.0 1.0
419 970 1.0 s 5.0 1.0 1.0 1.0 1.0
420 971 1.0 s 5.0 1.0 1.0 1.0 1.0
421 972 1.0 s 5.0 1.0 1.0 1.0 1.0
422 973 1.0 s 5.0 1.0 1.0 1.0 1.0
423 974 1.0 s 5.0 1.0 1.0 1.0 1.0
424 975 1.0 s 5.0 1.0 1.0 1.0 1.0
425 976 1.0 s 5.0 1.0 1.0 1.0 1.0
426 977 1.0 s 5.0 1.0 1.0 1.0 1.0
427 978 1.0 s 5.0 1.0 1.0 1.0 1.0
428 979 1.0 s 5.0 1.0 1.0 1.0 1.0
429 980 1.0 s 5.0 1.0 1.0 1.0 1.0
430 981 1.0 s 5.0 1.0 1.0 1.0 1.0
431 982 1.0 s 5.0 1.0 1.0 1.0 1.0
432 983 1.0 s 5.0 1.0 1.0 1.0 1.0
433 984 1.0 s 5.0 1.0 1.0 1.0 1.0
434 985 1.0 s 5.0 1.0 1.0 1.0 1.0
435 986 1.0 s 5.0 1.0 1.0 1.0 1.0
436 987 1.0 s 5.0 1.0 1.0 1.0 1.0
437 988 1.0 s 5.0 1.0 1.0 1.0 1.0
438 989 1.0 s 5.0 1.0 1.0 1.0 1.0
439 990 1.0 s 5.0 1.0 1.0 1.0 1.0
440 991 1.0 s 5.0 1.0 1.0 1.0 1.0
441 992 1.0 s 5.0 1.0 1.0 1.0 1.0
442 993 1.0 s 5.0 1.0 1.0 1.0 1.0
443 994 1.0 s 5.0 1.0 1.0 1.0 1.0
444 995 1.0 s 5.0 1.0 1.0 1.0 1.0
445 996 1.0 s 5.0 1.0 1.0 1.0 1.0
446 997 1.0 s 5.0 1.0 1.0 1.0 1.0
447 998 1.0 s 5.0 1.0 1.0 1.0 1.0
448 999 1.0 s 5.0 1.0 1.0 1.0 1.0
449 1000 1.0 s 5.0 1.0 1.0 1.0 1.0
450 1001 1.0 s 5.0 1.0 1.0 1.0 1.0
451 1002 1.0 s 5.0 1.0 1.0 1.0 1.0
452 1003 1.0 s 5.0 1.0 1.0 1.0 1.0
453 1004 1.0 s 5.0 1.0 1.0 1.0 1.0
454 1005 1.0 s 5.0 1.0 1.0 1.0 1.0
455 1006 1.0 s 5.0 1.0 1.0 1.0 1.0
456 1007 1.0 s 5.0 1.0 1.0 1.0 1.0
457 1008 1.0 s 5.0 1.0 1.0 1.0 1.0
458 1009 1.0 s 5.0 1.0 1.0 1.0 1.0
459 1010 1.0 s 5.0 1.0 1.0 1.0 1.0
460 1011 1.0 s 5.0 1.0 1.0 1.0 1.0
461 1012 1.0 s 5.0 1.0 1.0 1.0 1.0
462 1013 1.0 s 5.0 1.0 1.0 1.0 1.0
463 1014 1.0 s 5.0 1.0 1.0 1.0 1.0
464 1015 1.0 s 5.0 1.0 1.0 1.0 1.0
465 1016 1.0 s 5.0 1.0 1.0 1.0 1.0
466 1017 1.0 s 5.0 1.0 1.0 1.0 1.0
467 1018 1.0 s 5.0 1.0 1.0 1.0 1.0
468 1019 1.0 s 5.0 1.0 1.0 1.0 1.0
469 1020 1.0 s 5.0 1.0 1.0 1.0 1.0
470 1021 1.0 s 5.0 1.0 1.0 1.0 1.0
471 1022 1.0 s 5.0 1.0 1.0 1.0 1.0
472 1023 1.0 s 5.0 1.0 1.0 1.0 1.0
473 1024 1.0 s 5.0 1.0 1.0 1.0 1.0
474 1025 1.0 s 5.0 1.0 1.0 1.0 1.0
475 1026 1.0 s 5.0 1.0 1.0 1.0 1.0
476 1027 1.0 s 5.0 1.0 1.0 1.0 1.0
477 1028 1.0 s 5.0 1.0 1.0 1.0 1.0
478 1029 1.0 s 5.0 1.0 1.0 1.0 1.0
479 1030 1.0 s 5.0 1.0 1.0 1.0 1.0
480 1031 1.0 s 5.0 1.0 1.0 1.0 1.0
481 1032 1.0 s 5.0 1.0 1.0 1.0 1.0
482 1033 1.0 s 5.0 1.0 1.0 1.0 1.0
483 1034 1.0 s 5.0 1.0 1.0 1.0 1.0
484 1035 1.0 s 5.0 1.0 1.0 1.0 1.0
485 1036 1.0 s 5.0 1.0 1.0 1.0 1.0
486 1037 1.0 s 5.0 1.0 1.0 1.0 1.0
487 1038 1.0 s 5.0 1.0 1.0 1.0 1.0
488 1039 1.0 s 5.0 1.0 1.0 1.0 1.0
489 1040 1.0 s 5.0 1.0 1.0 1.0 1.0
490 1041 1.0 s 5.0 1.0 1.0 1.0 1.0
491 1042 1.0 s 5.0 1.0 1.0 1.0 1.0
492 1043 1.0 s 5.0 1.0 1.0 1.0 1.0
493 1044 1.0 s 5.0 1.0 1.0 1.0 1.0
494 1045 1.0 s 5.0 1.0 1.0 1.0 1.0
495 1046 1.0 s 5.0 1.0 1.0 1.0 1.0
496 1047 1.0 s 5.0 1.0 1.0 1.0 1.0
497 1048 1.0 s 5.0 1.0 1.0 1.0 1.0
498 1049 1.0 s 5.0 1.0 1.0 1.0 1.0
499 1050 1.0 s 5.0 1.0 1.0 1.0 1.0
500 1051 1.0 s 5.0 1.0 1.0 1.0 1.0
501 1052 1.0 s 5.0 1.0 1.0 1.0 1.0
502 1053 1.0 s 5.0 1.0 1.0 1.0 1.0
503 1054 1.0 s 5.0 1.0 1.0 1.0 1.0
504 1055 1.0 s 5.0 1.0 1.0 1.0 1.0
505 1056 1.0 s 5.0 1.0 1.0 1.0 1.0
506 1057 1.0 s 5.0 1.0 1.0 1.0 1.0
507 1058 1.0 s 5.0 1.0 1.0 1.0 1.0
508 1059 1.0 s 5.0 1.0 1.0 1.0 1.0
509 1060 1.0 s 5.0 1.0 1.0 1.0 1.0
510 1061 1.0 s 5.0 1.0 1.0 1.0 1.0
511 1062 1.0 s 5.0 1.0 1.0 1.0 1.0
512 1063 1.0 s 5.0 1.0 1.0 1.0 1.0
513 1064 1.0 s 5.0 1.0 1.0 1.0 1.0
514 1065 1.0 s 5.0 1.0 1.0 1.0 1.0
515 1066 1.0 s 5.0 1.0 1.0 1.0 1.0
516 1067 1.0 s 5.0 1.0 1.0 1.0 1.0
517 1068 1.0 s 5.0 1.0 1.0 1.0 1.0
518 1069 1.0 s 5.0 1.0 1.0 1.0 1.0
519 1070 1.0 s 5.0 1.0 1.0 1.0 1.0
520 1071 1.0 s 5.0 1.0 1.0 1.0 1.0
521 1072 1.0 s 5.0 1.0 1.0 1.0 1.0
522 1073 1.0 s 5.0 1.0 1.0 1.0 1.0
523 1074 1.0 s 5.0 1.0 1.0 1.0 1.0
524 1075 1.0 s 5.0 1.0 1.0 1.0 1.0
525 1076 1.0 s 5.0 1.0 1.0 1.0 1.0
526 1077 1.0 s 5.0 1.0 1.0 1.0 1.0
527 1078 1.0 s 5.0 1.0 1.0 1.0 1.0
528 1079 1.0 s 5.0 1.0 1.0 1.0 1.0
529 1080 1.0 s 5.0 1.0 1.0 1.0 1.0
530 1081 1.0 s 5.0 1.0 1.0 1.0 1.0
531 1082 1.0 s 5.0 1.0 1.0 1.0 1.0
532 1083 1.0 s 5.0 1.0 1.0 1.0 1.0
533 1084 1.0 s 5.0 1.0 1.0 1.0 1.0
534 1085 1.0 s 5.0 1.0 1.0 1.0 1.0
535 1086 1.0 s 5.0 1.0 1.0 1.0 1.0
536 1087 1.0 s 5.0 1.0 1.0 1.0 1.0
537 1088 1.0 s 5.0 1.0 1.0 1.0 1.0
538 1089 1.0 s 5.0 1.0 1.0 1.0 1.0
539 1090 1.0 s 5.0 1.0 1.0 1.0 1.0
540 1091 1.0 s 5.0 1.0 1.0 1.0 1.0
541 1092 1.0 s 5.0 1.0 1.0 1.0 1.0
542 1093 1.0 s 5.0 1.0 1.0 1.0 1.0
543 1094 1.0 s 5.0 1.0 1.0 1.0 1.0
544 1095 1.0 s 5.0 1.0 1.0 1.0 1.0
545 1096 1.0 s 5.0 1.0 1.0 1.0 1.0
546 1097 1.0 s 5.0 1.0 1.0 1.0 1.0
547 1098 1.0 s 5.0 1.0 1.0 1.0 1.0
548 1099 1.0 s 5.0 1.0 1.0 1.0 1.0
549 1100 1.0 s 5.0 1.0 1.0 1.0 1.0
550 1101 1.0 s 5.0 1.0 1.0 1.0 1.0
