time	duplex	start1	end1	start2	end2	axisX	axisY	axisZ	hel_pos
0	0	0	21	2698	2719	-0.8228487684741224	-0.2982429139930543	-0.3518084723119739	[7.748029227984047,19.886134156779697,-7.8558071064739075]
0	1	22	25	2244	2247	-0.8907238460723542	-0.19303053375535564	-0.34739409801306237	[0.8124195905745651,14.967071072324984,-11.839494952721651]
0	2	26	46	2673	2693	-0.9571908235586083	-0.06893264435521979	-0.028990692999787078	[-0.5706736981559817,14.625703671441203,-12.465024590324187]
0	3	48	52	2667	2671	-0.854782902898944	-0.18177431117523096	0.44391911249404176	[-9.472439840729177,13.907710396331638,-12.421077308428139]
0	4	57	71	2648	2662	-0.9711946787273783	-0.04755252599862277	0.039023217057220824	[-13.066844451763853,14.033093296252517,-10.343654218866543]
0	5	78	98	2624	2644	-0.11378359778905141	-0.28925967438861344	0.9203569445309865	[-20.858498024593956,12.850804553671008,-10.00316636112824]
0	6	103	123	2599	2619	0.46271193127771915	-0.43174672207013226	0.7361850769355378	[-23.34114498067369,9.514316465728562,0.01641482103924196]
0	7	124	129	787	792	0.36707953287295303	-0.6114909443305139	0.6611162446765251	[-19.52837760742601,5.849416936217992,6.204964139064957]
0	8	130	150	2572	2592	0.24403968531488607	-0.3731303105155195	0.8053578011859119	[-16.255421722062096,5.1321770065143735,6.921458081151228]
0	9	154	164	2561	2571	0.6640525594791289	0.04816681675830555	0.7116854742682533	[-14.261352498706362,2.0626725401923203,13.850529651821539]
0	10	169	185	2540	2556	0.8066733474183945	0.2991684600823781	0.4442032259815721	[-10.433722482027672,0.7731549918410701,19.303815808392745]
0	11	186	189	1482	1485	0.9510791045452377	0.2725290349864388	0.05511311943296034	[-5.42460003203907,5.250230739133656,22.032502984296926]
0	12	190	206	2519	2535	0.9422235647758658	0.21002439568554498	0.05981418359947078	[-3.81134597728605,5.69160002311107,22.079648886832885]
0	13	207	210	1461	1464	0.9483690748494914	0.2755880885122694	0.007209610876053856	[3.026141131376035,4.78127680078072,23.265905442056518]
0	14	211	231	2494	2514	0.9175541094883176	-0.2867890860234485	-0.050806894168909156	[4.702388482363941,5.102943334754061,23.323553119801318]
0	15	232	249	2473	2490	0.233978584713586	-0.740278584796711	-0.593010476046637	[13.18442964928537,2.4897090259944896,22.13726139734384]
0	16	250	253	1646	1649	-0.022744373409888108	-0.8242430784787382	-0.5558459637538772	[16.902794624783837,-3.2759412915690973,17.252530010272608]
0	17	254	270	2452	2468	-0.23193295066825273	-0.6037062446631267	-0.7202704008788507	[16.77184433894632,-4.511736868579474,16.2465323915416]
0	18	276	290	2432	2446	-0.45633974480704825	-0.7715534729727287	-0.4058439108163725	[12.191029173516519,-9.279247333951947,11.20268202405171]
0	19	292	295	1604	1607	-0.6948487487211827	-0.6155607453013437	-0.3275312796266368	[11.48128356251145,-15.550352947773892,8.260091273124658]
0	20	296	301	2421	2426	-0.5304657098195208	-0.8175220787947011	-0.14266630401763597	[10.425751439398404,-16.66064078301475,7.767592292486872]
0	21	305	330	2395	2420	-0.16292981153666455	-0.050769194125451736	-0.8944867811498185	[8.88349772748256,-18.466902721076575,6.360046139018916]
0	22	331	336	654	659	-0.14769440522988034	0.3031167515914662	-0.9161070877597257	[6.924101942281073,-18.764546366325497,-3.2137095104492124]
0	23	337	361	2364	2388	-0.055869514169693886	0.22254418644931848	-0.9114190212331903	[4.058499432421079,-18.381518378616423,-5.1897540467529115]
0	24	363	367	623	627	-0.348209805540454	0.40383709899702314	-0.8391181291226635	[3.343837401416015,-16.084516578088365,-14.988587462402482]
0	25	368	376	2349	2357	0.057031511335937035	0.44679728845012356	-0.8689058453573427	[4.400079958390068,-14.41698469170068,-17.015282358269587]
0	26	383	403	2325	2345	0.5963494176728426	0.778950295114802	-0.015453519297557583	[5.82818087188709,-10.673061916406727,-19.728595780144595]
0	27	404	407	1794	1797	0.2268406330352434	0.9183561404535129	0.2826898084393806	[8.508695198482018,-3.3915562614943324,-20.50366782922902]
0	28	408	418	2310	2320	0.10694014904393882	0.7035132766924079	0.6797004519143136	[8.836141182032847,-1.8629422400114166,-20.001980734550706]
0	29	419	424	1777	1782	0.11739768754509401	0.8812073057546677	0.42598395758205	[9.315460507173121,1.4444432706041674,-16.897917780775217]
0	30	425	439	2289	2303	0.17147717653444516	0.8281676444449689	0.4651723928431273	[12.061898044703224,3.2607574732640505,-15.722192019897205]
0	31	440	445	1756	1761	0.03188351475386737	0.850814059461608	0.5065960572867987	[13.055252899568831,8.259811419989298,-12.908665644194938]
0	32	446	454	2274	2282	-0.30856728430019104	0.8909305642056946	-0.13237061823966947	[10.987449389237222,10.99614955923499,-12.39850425462269]
0	33	456	459	2269	2272	-0.6594448277169008	0.6489712241191328	0.35303746691760635	[9.46480001964013,14.490841087390475,-12.808371993302021]
0	34	461	477	2248	2264	-0.9671024821874978	-0.1123391174146296	0.09115309879745206	[7.746813794553898,15.711776721456646,-12.364612115744439]
0	35	478	481	2694	2697	-0.9313986089141325	-0.33969788650532257	-0.07961149911777593	[0.16309192239217477,17.153003594942422,-10.878637677843837]
0	36	482	507	2218	2243	-0.9688824312188338	-0.11099480392937738	-0.03316400939014112	[-1.4180737045037173,16.673480380504166,-10.941902288386988]
0	37	513	534	2191	2212	-0.4314907408281374	-0.6878544287565231	0.4607960664341187	[-12.94396683451599,12.827638112821777,-12.144608515032385]
0	38	536	545	2177	2186	-0.037047107922685556	-0.5524761869788681	-0.8039862923778132	[-15.175024489395824,5.595283893882946,-9.411770904768167]
0	39	546	551	1875	1880	0.31654985382146844	-0.5451410754024473	-0.7534004190712299	[-15.329681420374486,3.3084841777560223,-12.702139442994383]
0	40	552	566	2156	2170	0.5356305927284126	-0.5460341833656871	-0.6127745552291779	[-14.819119017111625,0.1745032029864899,-12.77411936642038]
0	41	567	572	1854	1859	0.7301120555164167	-0.42929575603521075	-0.5119664549436894	[-11.421814434931804,-3.14358125861588,-16.37688829471371]
0	42	573	587	2135	2149	0.7884997205662598	-0.43760783194308217	-0.33765539342939255	[-9.10159440487233,-2.72928226896973,-18.8409986994455]
0	43	588	593	1833	1838	0.8001249539663429	-0.5268799191452247	-0.2693700342981331	[-4.3757552540872435,-5.412011927322703,-20.899068023057467]
0	44	594	603	2119	2128	0.6253473699513208	-0.6723404572841898	0.2079525107030512	[-3.2169126482169297,-8.180889678629782,-19.581656468906672]
0	45	607	622	2103	2118	0.5333089877417267	-0.7263242706392753	0.3190263686509496	[-0.6806184273685881,-11.076118933788557,-18.70853903936743]
0	46	629	653	2072	2096	0.11628285271511594	-0.1923609670631293	0.9379996339270537	[5.440970548357095,-16.017741310975293,-14.77396485747391]
0	47	660	680	2045	2065	-0.260971503641365	-0.24404636546061803	0.8615774898816351	[4.553929357381846,-19.26541157367526,-2.519319605241668]
0	48	684	709	2019	2044	-0.5976518986244681	0.267628490512283	0.6383587167139209	[2.29216957075,-20.79326812727853,4.948024032362246]
0	49	710	715	1563	1568	-0.7354819519554406	0.4783538075748458	0.4755953761310046	[-4.108994929871434,-17.46800292821698,11.442392729057609]
0	50	716	740	1988	2012	-0.6340352911229578	0.7076752062495494	-0.03463590218895692	[-3.9246985269666226,-14.567406112309937,12.695664824605075]
0	51	741	746	1532	1537	-0.6709147972960456	0.7224240640238907	-0.03818873340715041	[-10.296030478910048,-7.3783454657636,12.555370327555185]
0	52	747	756	1972	1981	-0.508099142726572	0.7713827078336382	-0.10587121216258441	[-13.395846669530584,-6.975352234933079,11.45983308984173]
0	53	761	786	1945	1970	-0.29429890190343333	0.7411106365989154	-0.3031615889013805	[-15.600166333904143,-3.2032549567610564,11.11098435726295]
0	54	793	813	1918	1938	-0.4275263961180823	0.38072114969261095	-0.7563415617648741	[-17.376379580745407,7.136920929090777,5.373829320722139]
0	55	818	834	1897	1913	0.6274068860856757	-0.3774984498189472	-0.6558388040251264	[-23.714523269482886,9.226025181362171,-2.2181975926333877]
0	56	840	853	1881	1894	0.40072139960609415	-0.557011777871032	-0.6827526885786763	[-18.16720038608383,4.91685642027432,-7.070364147134665]
0	57	854	859	2171	2176	0.2843474353617223	-0.5580260905764488	-0.7578845618468067	[-15.599821906496324,1.6136473567337046,-10.963472004404254]
0	58	860	874	1860	1874	0.591941398602936	-0.5536909805730977	-0.5112505615339911	[-14.589205223798082,1.912676461237972,-14.5843883153849]
0	59	875	880	2150	2155	0.7388256327385287	-0.4872027218327403	-0.4460142441901821	[-10.890615496019347,-1.4907558405483576,-17.68805108705706]
0	60	881	889	1845	1853	0.6281113868804419	-0.5742746114217985	-0.4627316926192248	[-9.577741667425983,-4.379864028472467,-17.356285102292453]
0	61	897	901	2129	2133	0.8255577482279933	-0.4970657539455956	-0.2341397907972922	[-4.977274915262104,-7.266409907320147,-19.264801025710334]
0	62	902	916	1818	1832	0.9088421004282409	-0.305989558871104	-0.11328631448037703	[-2.5199892632935703,-6.743798032523939,-21.62752437487692]
0	63	922	933	1798	1809	0.623766808382276	0.6775984589125887	0.2892564627463926	[5.572278687113333,-6.826888789925427,-21.712475832004436]
0	64	934	937	2321	2324	0.1742010164478279	0.9049905085901851	0.38190644701063353	[10.725301030917294,-4.1093874351982445,-19.690564243516423]
0	65	938	948	1783	1793	0.17621678240007466	0.8370854658130368	0.46776844751136776	[11.027842729333821,-2.637886972360369,-19.086093789055056]
0	66	949	954	2304	2309	0.08934822135022563	0.8688284950679062	0.45369075649036106	[11.830927732502762,1.04719860803374,-16.88002299733179]
0	67	955	969	1762	1776	0.19130462176779747	0.8276266113514369	0.4428796328129826	[9.52063747852071,3.5568177721635172,-15.96636436840086]
0	68	970	975	2283	2288	0.09252458935744731	0.9285783054071037	0.33673530660246387	[10.750424903986197,8.633623573076207,-13.245831934665379]
0	69	976	985	1746	1755	0.1658330905922415	0.8081552257749242	0.5224196799161627	[13.15674922668244,10.318412309171968,-11.592495435549488]
0	70	989	997	1737	1745	0.7809549103902625	0.22688326284084784	0.5600069466156172	[14.05534692853405,13.209287668400684,-8.23138709619231]
0	71	1000	1010	1724	1734	-0.5400048331557036	-0.4873882983833348	0.666844619020708	[16.407612609356157,13.699115836737693,-5.275783082842178]
0	72	1015	1035	1699	1719	-0.07707899233716356	-0.16974997380879803	0.9486884526428971	[12.031369988269958,12.365666504793603,-0.9659624737983588]
0	73	1042	1062	1672	1692	0.10063605210412638	-0.520275187700955	0.8162431088065685	[13.958130476894137,9.366997266234748,8.860766897636159]
0	74	1066	1087	1650	1671	0.2603822552335416	-0.9008726758484122	0.21384838047088922	[14.75362609856067,4.660125753654877,15.760058402671735]
0	75	1092	1108	1629	1645	-0.2119112366374708	-0.5578499407388391	-0.7837693290926446	[14.411157468576075,-4.180807117400542,16.928295143727006]
0	76	1109	1112	2448	2451	-0.3665102900760029	-0.7419997119503593	-0.5570978918536795	[15.157586368627245,-8.623299354973906,11.103916288170884]
0	77	1113	1129	1608	1624	-0.4402853947836805	-0.819783998358449	-0.27260750892043917	[14.588568588552352,-9.8460741094853,10.219141992953338]
0	78	1135	1143	1594	1602	-0.8665245044434471	-0.4632245546789465	-0.05263065483858898	[8.297739955005841,-15.567079494538305,8.989160053063628]
0	79	1145	1164	1570	1589	-0.8720422678766809	0.025422768897560233	0.41960837102462273	[4.619223147963132,-17.37431585320184,8.851410233366998]
0	80	1167	1171	2013	2017	-0.5124271565840551	0.8440631574704558	0.022786691503483593	[-2.8561741715304274,-16.40247161344255,12.600520665966727]
0	81	1172	1178	1556	1562	-0.7493105352398383	0.6342089526278702	0.13834931946337967	[-5.8683991857173705,-16.361495472026224,12.414489067172628]
0	82	1180	1196	1538	1554	-0.5625054092655788	0.7773293595695349	-0.07102197217297199	[-8.3040567831112,-14.3944788947314,12.947160012125856]
0	83	1197	1202	1982	1987	-0.5128483484601899	0.7862304345069068	-0.281124856845135	[-12.241310569422701,-8.930571048485145,12.37431622553973]
0	84	1203	1214	1520	1531	-0.21707561011006052	0.9227401903255417	0.14776233889186766	[-11.929267424046927,-5.568607110661347,12.566524044250269]
0	85	1219	1224	1507	1512	0.11909558160487929	0.13442094341438163	0.9362186523544256	[-11.351955436562328,-0.09267615317873895,15.4107113001502]
0	86	1225	1228	2557	2560	0.3839525479623375	0.3334251591373191	0.8505678198681177	[-11.113931653073854,2.266458740505081,17.121552468704557]
0	87	1229	1245	1486	1502	0.6961881535645875	0.3742972395709987	0.5342054607924615	[-10.304776158454306,2.7337116170722506,18.45265203044072]
0	88	1246	1249	2536	2539	0.8842412411024795	0.324611804052344	0.2978512477970174	[-4.891760595672069,2.9133539460214752,22.284913305170583]
0	89	1250	1266	1465	1481	0.9507227228235564	0.20461850398884096	0.08005023452034013	[-3.434357878107292,3.2921561974886906,22.680023200201788]
0	90	1267	1270	2515	2518	0.961795778550877	0.003770190307778386	-0.27057436958617037	[2.8687899230279923,7.128829072508293,22.4975738638786]
0	91	1271	1287	1444	1460	0.7865644637761391	0.09775004372401441	-0.5432291520549937	[4.401126309113891,7.221742281666498,22.04647435995814]
0	92	1291	1315	1419	1443	0.2128423461181412	0.29291492980131356	-0.8845645450812981	[9.845922471410741,7.861224726629212,18.246972090813006]
0	93	1323	1343	1391	1411	-0.08003037842142532	0.09262166713191711	-0.9312095304743343	[13.773298310926394,9.91992705850645,6.16648504799651]
0	94	1348	1364	1370	1386	0.047367566142748674	0.38115834933555454	-0.9030956913635867	[12.155588024522935,12.725775779951272,-3.1436108085210464]
0	95	1412	1417	1693	1698	0.05241638655346782	-0.1616447157139545	0.9765023460990155	[13.789059464408018,9.870884556561926,6.519023923980159]
0	96	1914	1917	2620	2623	0.4132964496169888	-0.14821320123056594	0.8955385947285336	[-21.656409452661222,10.474967673098075,-2.2237616040570516]
0	97	1939	1944	2593	2598	0.31877389245574533	-0.6405205491838821	0.6853670428134929	[-17.127818051676797,6.769359959428636,5.436067262605957]
0	98	2066	2071	2389	2394	-0.2228917709504862	0.3383956522200068	-0.8963924762924182	[4.606240748970427,-19.158455849103007,-2.9199585911726187]
0	99	2097	2101	2359	2363	-0.36459450748396555	0.46560075113666827	-0.792360207446044	[5.25516998543186,-15.780288685432676,-14.997276369023766]
