t = 0
b = 74.0 74.0 74.0
E = 0.0 0.0 0.0
16.682071537839693 -6.967649677793559 -18.693700422805367 -0.4862651263185108 -0.774608016095934 0.40438675587408157 0.06289955250074568 0.40851740553126414 0.9105806804853761 0 0 0 0 0 0
18.291938449016957 -4.495659757013031 -14.600473038016371 -0.7554328437933253 0.5279733534913414 0.3880275203145214 0.5010674875452097 0.14891931133872316 0.8524989217796886 0 0 0 0 0 0
19.946727627183968 -3.0773902247800886 -10.05646605259454 -0.5551186711504306 -0.7380492240743625 0.3835708588819174 0.17542892648268096 0.3383287828123313 0.9245314091332217 0 0 0 0 0 0
19.876373204771976 -2.415228652335594 -4.745359934563104 0.970133029994543 -0.21611483525637973 0.11016479517393402 -0.0742393766807963 0.05568368286731481 0.9956846099103769 0 0 0 0 0 0
18.803470202803013 -2.3691291736655846 0.9008325769465161 0.3003072725354485 -0.8955467824843798 0.3283466193585595 -0.2504529716030329 0.22747415276255226 0.9410254081799118 0 0 0 0 0 0
17.010493642469275 -1.8617594384660625 8.739967306474245 0.4803912771238493 -0.8624999488811169 0.15911649519577684 -0.5356863003101832 -0.1420030276452347 0.8323913309252895 0 0 0 0 0 0
10.832895569555419 -2.2875597105088854 16.517629493961433 -0.01597751015593821 -0.8929567241256899 -0.44985887565761473 -0.8412795608347797 -0.22793003057852423 0.4902005729108374 0 0 0 0 0 0
6.820769628990035 -4.562230698124839 18.542176712426837 0.567462085925508 -0.5262176061952495 0.6333102020078413 -0.8120364735243595 -0.48864911664479543 0.31909059288606956 0 0 0 0 0 0
2.5298265999109604 -8.494885003799274 19.057597981976606 0.29340468238708783 -0.8983055386062231 -0.3270486992218676 -0.9510792775846909 -0.3087810635209256 -0.01012237916048258 0 0 0 0 0 0
-1.7219437287048165 -12.462453126028652 18.13517396792257 -0.852151812358531 0.5186806056963037 0.06933770957124583 -0.5457237351284502 -0.7903115784678285 -0.2785555848608004 0 0 0 0 0 0
-7.207081011922241 -16.001529422203294 14.406448594713815 0.10632461509129928 0.7628270379806559 -0.6378008986755553 -0.49713917924975454 -0.5010378159564647 -0.7083881305022384 0 0 0 0 0 0
-6.164539719734709 -17.42806613015275 10.224310059612968 0.11570516280455198 -0.9595152332386196 0.2567933653414929 -0.139966779704408 -0.2756142226677696 -0.9510237120295261 0 0 0 0 0 0
-6.966102408196659 -18.53942244352378 6.301839040454966 -0.1545655470512033 -0.9771394098399705 0.14597282419120558 -0.07586319811243517 -0.1509267327312796 -0.985629695432932 0 0 0 0 0 0
-10.149431152940071 -19.510329819599477 3.237570798244687 -0.12432465951630474 0.9922001828150011 -0.00906511213572356 -0.3548672306091311 -0.06446867519655641 -0.932691287918037 0 0 0 0 0 0
-12.324819453976561 -18.09917148514938 -1.0527872246116534 0.8955313992119216 0.2842790167480562 -0.3423579320861374 -0.4883130624569821 0.5323411750712916 -0.691493475282016 0 0 0 0 0 0
-15.52714688802124 -13.211405082776981 -4.559593343449509 0.5742726179628066 0.4037775870063675 0.7121619341761112 -0.6951166486973397 0.6985660962469993 0.16975939996950812 0 0 0 0 0 0
-17.096113932101773 -8.511198862883004 -4.923782352572919 -0.8442559023653066 -0.24780414831288175 -0.4752105590159685 -0.4028079593977917 0.866455564944957 0.29495847474128 0 0 0 0 0 0
-18.93602314329109 -5.041555667009154 -3.4989993637950443 -0.9459699286231739 -0.23630870930872205 -0.2220339794840269 -0.28866174347731655 0.9115376559060043 0.2928711315886611 0 0 0 0 0 0
-22.000146432502824 0.283606853809001 2.4315478517484923 0.9918632847938837 0.06494700857527685 0.10949479601793835 -0.12184336115783162 0.7325633279326719 0.6697052828744678 0 0 0 0 0 0
-20.60193954227376 4.543642265339628 2.7077177950390405 -0.8583216161903163 0.41451316641626135 -0.3024282361949822 0.23645082333462739 0.8579905816591998 0.4560078616959194 0 0 0 0 0 0
-21.197578127066205 6.5747603799963485 3.192022827873244 0.8115822110865076 -0.3000714049182338 0.5012898030065371 -0.03383266458407315 0.8276127603977386 0.5602789212829419 0 0 0 0 0 0
-17.945779893619893 11.690353640135118 3.5042390032520427 -0.8065722165697977 0.4712460120073955 -0.3568871749234049 0.6109218230184964 0.671111516974033 -0.4199807828277016 0 0 0 0 0 0
-14.51327525581632 15.857000091533331 0.7654959926211363 0.6445734705743877 -0.7066087659441364 0.29194022148822424 0.7598842617039098 0.5198154039670485 -0.3903432522963322 0 0 0 0 0 0
-8.639768138300044 19.135568351943846 -0.06108448795538286 0.45635706128466935 -0.8542785027149796 0.24889048277238957 0.8623674615065412 0.3749147882353424 -0.34023706867008524 0 0 0 0 0 0
-3.148187333807381 19.330101789155076 -3.0306286628306935 -0.24036420589585664 0.9418334956857127 -0.23489298612024362 0.8011575635362473 0.06449236959849831 -0.5949683123093485 0 0 0 0 0 0
-1.7686890231437935 17.948272536242843 -6.3072373132426796 0.4372133641847852 0.8010777613826252 0.4088017788567267 0.68243655169611 0.0012102606119167873 -0.7309438338055625 0 0 0 0 0 0
2.93344014310513 17.176480788683985 -11.133808794676352 -0.7649070097584999 0.19222412254861257 -0.6147903326604334 0.45404909518538644 -0.5242141415611533 -0.7204435806838971 0 0 0 0 0 0
6.558582898618738 15.642507728165208 -14.280181090110199 0.1135070855240013 -0.6232212218331059 0.7737644668713456 0.5034195932896633 -0.6395210386247039 -0.5810176884127111 0 0 0 0 0 0
7.368929506862964 12.714639088689468 -15.339556589368463 0.9531295110638179 0.2911798481037003 0.08220967824747602 0.27875123249762235 -0.7425773989244461 -0.6089963521956931 0 0 0 0 0 0
8.966790497215907 10.191424099878482 -16.40641608185684 0.01915452261607645 0.4723227372970567 -0.8812175305198857 0.19640467813910678 -0.8636151865126931 -0.46432102260151886 0 0 0 0 0 0
8.295600438251478 6.712577578854434 -20.02850743296634 -0.2842194189479812 -0.5594373004728295 0.7786200798416035 0.5132618697819954 -0.7804721408595624 -0.35696707182873527 0 0 0 0 0 0
9.514326765166508 3.0239352907438155 -20.961210193726245 -0.09328130933121022 -0.1584563517506309 0.9829497351947023 0.40552926929473293 -0.9033444499973062 -0.1396954416018794 0 0 0 0 0 0
13.11768866807895 0.87654810489826 -20.149463451265056 -0.8633786782029872 -0.4485708750939373 -0.23100092649580858 0.4791865151401948 -0.8744533642828741 0.07557511099666929 0 0 0 0 0 0
13.585005135425455 -1.6897569630350298 -20.778056485518324 0.28223209617143247 0.10929786333036084 0.9530996909883547 0.5672887442379473 -0.821915875580785 -0.05135926527126843 0 0 0 0 0 0
16.63478825841507 -4.0209516847433715 -18.076629091106334 -0.7591680183387632 0.18999688157567612 0.6225472712357784 0.6057362066302114 -0.045755641370422734 0.7943488334856563 0 0 0 0 0 0
16.93910563663437 -5.910130664218124 -13.957986687982524 0.7987388156857935 -0.5992395250913883 -0.05411373102183344 0.0822312515573642 0.03396313369777397 0.9960344004183473 0 0 0 0 0 0
18.504305028727412 -6.187692631184176 -8.378931091158053 -0.4411858905862038 0.8973774176679175 -0.008293383345670782 0.33573567476914873 0.18860930638440795 0.9228803206442844 0 0 0 0 0 0
20.563665238076652 0.36713653843654825 1.0086073245578762 -0.8976627485613391 -0.4030095974169827 0.17828307332751317 -0.16113616694702984 0.7498812834157649 0.6416488108649032 0 0 0 0 0 0
18.01318007963982 5.210803525028466 4.436165114257643 0.5727429843083566 0.13241669024763894 -0.8089692788168278 -0.19659547010510667 0.9789851944437431 0.05420525983794261 0 0 0 0 0 0
17.34080627698 7.885139791174122 3.0216148903298152 0.7320448248295929 0.44567089534745613 0.5152551091259626 -0.3936536134639403 0.8838981732743202 -0.2525091124872572 0 0 0 0 0 0
15.611073424483491 12.52308639784743 3.949316970721411 -0.8599273914879362 -0.41663727693940034 -0.29485294781174404 -0.2413409546865091 0.8026677439953255 -0.5454163880380375 0 0 0 0 0 0
13.618757217360592 15.438396250872131 2.040276082367794 -0.5266252405325874 -0.7413438476142507 -0.41602302296687027 -0.43861065371425845 0.6570147103122753 -0.613149545283716 0 0 0 0 0 0
11.763495930128396 16.48475236142415 -2.4730388808601957 0.45044343064527487 0.892804772549673 -0.0005948958244601205 -0.8253730092624029 0.434934233421301 -0.35998834450486156 0 0 0 0 0 0
9.073195031584458 18.38269473923187 -4.469173397974983 0.3027750581876918 0.9083711145975867 0.2884253496213153 -0.8186862057452399 0.41691230625257353 -0.39488862406712005 0 0 0 0 0 0
5.331648903495803 20.066379593399496 -3.314532643752854 0.3351668846657781 0.06759510904665783 -0.9397308447935544 -0.8829374148540383 0.36792710993589406 -0.2916353257496225 0 0 0 0 0 0
0.7007693475763382 20.986730814837486 -4.342015214747533 -0.04921780469613072 -0.9983908823463622 -0.028164760757831205 -0.9992890052055976 0.02117839621515238 -0.031192300475617014 0 0 0 0 0 0
-3.4215211171198208 20.353763231588072 -3.3043116367626806 0.24972475072538963 -0.9341228628299921 0.25505298667814413 -0.9350376185733112 -0.1736855200390517 0.3090922062775361 0 0 0 0 0 0
-9.582624867969432 17.792961141950194 -2.5951807135588147 0.4135314471492161 -0.8404831166093909 0.3501140855681762 -0.8994989957038892 -0.30688112001860474 0.3110072907566985 0 0 0 0 0 0
-13.80848498414301 15.103483526561813 1.1010565618223151 -0.6513753305675902 0.6883451162151044 -0.319203978218908 -0.6751140261843991 -0.3230550562721576 0.6632167686858373 0 0 0 0 0 0
-16.197544439581986 13.447718422356592 5.651122339700255 0.3946639867870761 0.5048847688250186 0.767679430323516 -0.41036966153796856 -0.639394959421139 0.6502082948994522 0 0 0 0 0 0
-17.369287109417446 8.613082312438388 12.377033865966716 -0.5469612215381842 0.5384749160700705 0.6409978056879666 0.3431407820762838 -0.5837430971920057 0.7358657487319008 0 0 0 0 0 0
-15.664954476393998 4.726991854894195 16.615358834648156 0.5669046150778763 -0.21521055535057315 -0.7951751846411599 0.38739053394328715 -0.7913728462198452 0.47292451033651883 0 0 0 0 0 0
-13.743265880140621 -1.5450452352505726 18.358090902926147 0.5709974917108424 0.023941583932494744 -0.8206026230878926 0.48813014653623993 -0.809215340830849 0.32695487793657674 0 0 0 0 0 0
-9.42348934446473 -5.367594129567165 19.163234287963622 -0.0549963670097962 0.19571129879575702 0.9791182191846917 0.820045917483326 -0.5483070664080525 0.16396357566827346 0 0 0 0 0 0
-5.338617302621684 -4.929988012679714 20.17174943582342 -0.43432141132941265 -0.892541955851112 0.1213827364426218 0.8701771350414539 -0.40010108951952095 0.28759497877456014 0 0 0 0 0 0
1.2633000406639423 -6.435128479974284 20.422000535273902 0.11624937384357442 0.0003839624212924896 0.9932199835151506 0.9495163545403659 0.28602596617075454 -0.12887140542595318 0 0 0 0 0 0
7.43522380923372 -5.1379386689262985 19.235242549864125 -0.5631165660775966 0.5276500340754292 -0.635991489368509 0.8186956245909476 0.2188393351909773 -0.5308924746582959 0 0 0 0 0 0
11.695085201290942 -5.004449045652825 16.10805797890133 0.07143380227585203 -0.7980922699062811 -0.5982858352060946 0.8269553013831469 0.38187062553461393 -0.41269814013163575 0 0 0 0 0 0
16.236546981219803 0.49991875321088103 10.227290987039774 0.6736756498259797 0.2046993142005265 0.7101121809949313 0.41130086474739347 0.7026944496279401 -0.5805618908610285 0 0 0 0 0 0
18.512832193987474 5.797114768154415 7.3734432022159115 -0.9364621274920262 -0.21195700511311197 -0.27948687224373986 -0.04243424051616055 0.8055822893019406 -0.5909623595415034 0 0 0 0 0 0
17.26503848762573 9.047992922640985 5.6382922370471045 -0.7201426782683085 -0.5070648409504259 -0.473581851434857 -0.24233873861742156 0.8051246598419096 -0.5413374343972218 0 0 0 0 0 0
15.977496845919823 11.164925796025097 1.2843858096886556 0.7098242003093637 0.6846606758328937 0.16549732210285925 -0.6246637695084885 0.7175836941593783 -0.3080078196085706 0 0 0 0 0 0
14.134956927646417 14.071120508928354 -0.4095299644029339 0.5360211282192139 0.722457609236482 0.4367337323345975 -0.6279384447794982 0.6878842651103673 -0.3640172350060844 0 0 0 0 0 0
11.07580674906957 16.88197101415174 0.8499892521082295 0.48385384194286146 0.008662094515796564 -0.8751059523027666 -0.5893391813171099 0.7369215953405541 -0.3310980091834007 0 0 0 0 0 0
8.084250228009928 19.96440509620922 -2.7062198127433827 -0.5468669652622518 -0.8020367630168359 0.24015318668368948 -0.6726266164147299 0.2808317362673238 -0.6846217720723992 0 0 0 0 0 0
6.478777900015761 19.904670567293607 -6.957044606278092 0.3387695756738201 0.9251994558500912 -0.17100041372018662 -0.7568620612076402 0.1843569664152309 -0.6270345518699075 0 0 0 0 0 0
6.222309975576527 17.873599159879394 -12.083594958846374 -0.9201651747264545 -0.38717808718860264 -0.058216664466528276 0.3343261453318933 -0.8273787680570808 -0.45129857380216154 0 0 0 0 0 0
4.68969704241326 14.604306383162939 -14.309653978531587 -0.07464885578648865 0.5845857356365654 -0.8078905037318014 0.24160454814192717 -0.7824207895855767 -0.5739729526218269 0 0 0 0 0 0
6.22805071952571 12.961162232235923 -16.545130847323165 -0.8776042169991617 -0.4377877275635796 -0.19532727382525308 0.4636697142786438 -0.8010033060723064 -0.3786873376837362 0 0 0 0 0 0
6.973894095794684 10.400282992497988 -18.431405188135244 -0.07935477487485162 -0.4858588155201588 0.8704274990405059 0.5060723949788614 -0.7736723662027457 -0.3812109662832431 0 0 0 0 0 0
10.39481030027398 6.720366090290975 -17.87384146493649 0.3990999314320554 0.22985102568682328 -0.8876304133599997 0.10515865449703328 -0.965442780022322 -0.238457325085945 0 0 0 0 0 0
11.537633472513718 3.177087156641785 -18.97123170590685 0.03548959053878142 0.2402811540386064 -0.9700543572281222 0.12903120629745182 -0.9590001691456691 -0.25232840383120275 0 0 0 0 0 0
9.281980591423771 0.03240707733562533 -20.495155390468348 0.987790507376342 -0.08975070866946847 0.12733704814592234 -0.055317049149425715 -0.9863908462347108 -0.15483256291158826 0 0 0 0 0 0
8.381894464581517 -3.280147438054534 -19.942913539425177 0.8008519670805329 -0.5974632217363082 -0.04091241248951226 -0.5895894506325636 -0.8071366413410057 -0.030244369848825687 0 0 0 0 0 0
5.842173143639493 -6.780274015675678 -19.34812977400839 0.5968063954168262 -0.40512402753442944 0.6926013634868602 -0.6343510903240567 -0.761656704585806 0.132203474100232 0 0 0 0 0 0
2.3011236955475836 -12.925770320393388 -14.779154688475971 -0.6099583234460383 0.7847118182965421 -0.11035490874733678 -0.6610347985514683 -0.43405672187430144 0.6120684253412808 0 0 0 0 0 0
-7.272076313962575 -13.935757027162161 -10.070813080157029 -0.4561820547832756 0.6649134013409222 -0.591428864370817 -0.7578671210492118 0.053059547906126485 0.6502477306446958 0 0 0 0 0 0
-14.397752531659169 -12.171958232048302 -6.823053384689712 -0.01768056393697807 0.6476001961325754 -0.7617751529341977 -0.6592118579367532 0.5595568649169611 0.5023304104669312 0 0 0 0 0 0
-20.036423362531536 -6.643912949846458 -1.5182222678842536 0.8797961097034499 0.40187717916462895 0.2538770139602159 -0.4564791638001915 0.688210254894399 0.5639090512436064 0 0 0 0 0 0
-20.127780471108284 -2.086458910226353 -1.4512209928835589 -0.8986813596472151 0.09536709670138735 -0.4281085501241257 -0.08922245679288125 0.9167537918316563 0.3893608074345986 0 0 0 0 0 0
-20.602415893585274 1.6079035751443482 0.39461863964976873 -0.9897559911164876 0.10271540164787149 -0.09915959012287033 0.04277956827992679 0.9195204131005431 0.390707202939989 0 0 0 0 0 0
-20.626980453743144 6.003210353778416 5.92312423330251 -0.35704652844293877 -0.5792288076218609 0.732810865740815 0.14522506202299026 0.7109389622568815 0.6880955408266552 0 0 0 0 0 0
-19.145741157687972 5.434435857656219 11.228186992511546 0.8555392490316248 0.49683831979967896 -0.14561688550794996 0.4547388359272737 -0.5681694651924559 0.685854248308215 0 0 0 0 0 0
-15.753695063366765 2.732377214055002 14.966894338158655 -0.8680764797121865 -0.17529100886110185 0.4644526752888338 0.48666269166139825 -0.5330588219352049 0.6921038339020631 0 0 0 0 0 0
-13.342463406187784 3.2183276544982715 17.23818697775118 -0.6967340190545993 -0.6669933617467697 0.2639726540340269 0.6538420643645113 -0.4682332820200743 0.5943468250746056 0 0 0 0 0 0
-10.607619505415496 -0.14861661737166934 19.946556567013406 -0.061762179017583026 -0.5011892855588544 -0.8631307741495522 0.46984082961838136 -0.7823450206871715 0.40888367958320393 0 0 0 0 0 0
-7.961156611043406 -3.4777705168836803 20.63777699771296 -0.01233334319215614 -0.1847212336410239 -0.9827135668585444 0.5945553668410839 -0.7915687683945768 0.14114815146772872 0 0 0 0 0 0
-7.6396619053077295 -8.060304403875179 19.89246548610211 0.7115242007437588 0.42830373148034545 0.5570361077667833 0.6168987312309286 -0.7534416241057428 -0.22751192160098094 0 0 0 0 0 0
-5.0986351061192545 -11.53759463841129 18.11464906698281 -0.023008826184697965 -0.7711833977835811 0.6361971085289316 -0.05567786482209454 -0.6256596282579125 -0.7781066796635429 0 0 0 0 0 0
-3.5862978463157993 -13.5064362913848 16.422798203699084 0.17701784903193205 -0.7802767631521071 0.5998606955026965 -0.2227353228820889 -0.606540411517518 -0.7632153727073188 0 0 0 0 0 0
-4.654204030963249 -15.908781332987655 13.297798985509964 -0.14250011952474928 -0.8397878956286441 0.5238797632005324 -0.14914283127465544 -0.49059535768866563 -0.85852933024662 0 0 0 0 0 0
-8.10339622053377 -17.878090368379645 11.059851373956267 -0.17836684566433095 0.8851084123611452 -0.42984691081277965 -0.4239765817593463 -0.45612873732508924 -0.7824259920950224 0 0 0 0 0 0
-9.621988130156254 -19.128796374111186 7.132815025900044 0.15827136894424418 0.9466894057495857 -0.2805874958261883 -0.4119016855515989 -0.19567033351794635 -0.8899719782221951 0 0 0 0 0 0
-8.18518491319658 -18.807767524178125 2.789791558106568 0.14551746824871328 -0.9777274072626551 -0.15124081301662898 -0.06288852229911364 0.11939599690085731 -0.9908529808640051 0 0 0 0 0 0
-8.471021882772575 -18.455890761751974 -1.3242135569348426 -0.11725715786822707 -0.9690053083507018 -0.21743843109447566 0.18885091202432586 0.18342935910003605 -0.9647222415015269 0 0 0 0 0 0
-6.180209953323834 -16.65967438721683 -8.382834357754163 -0.06602543817450648 -0.8674558712937984 -0.4931135293943796 0.658107080696281 0.32991843562008444 -0.6767930970211021 0 0 0 0 0 0
0.5854687140846125 -11.363392813527218 -16.133551074668414 -0.49062977643439615 0.8389905335006985 -0.23532383468775048 0.7571774349208052 0.30232644673434944 -0.5790345858856207 0 0 0 0 0 0
8.467674283551956 -7.956363199401567 -17.68435626946666 0.10507151684313076 -0.4715737623392826 -0.8755444951694102 0.9083405941950458 0.3895052485666085 -0.15232539603249248 0 0 0 0 0 0
8.57465736237703 -8.416710586230414 -18.521654457963244 -0.10776657521442345 0.4858280644334456 0.8673854143778333 -0.7185884717571726 -0.6206187392764921 0.3137881271121466 0 0 0 0 0 0
0.06376321549611542 -10.469583013453036 -16.38394929349196 0.4891935843900171 -0.8413363389506208 0.22987562235437975 -0.8505296078650096 -0.4476244573997673 0.27610094400881113 0 0 0 0 0 0
-3.518106217265873 -13.01254597054703 -13.897023595626843 0.45276649498244875 0.37667788399002483 0.808156094287549 -0.6679528569137322 -0.45455764544240296 0.5892506494783369 0 0 0 0 0 0
-6.245444099226286 -17.560036191577844 -8.90367815473747 0.06407293518018006 0.8654586060462486 0.49686623974454186 -0.36354777592178433 -0.4447746245106472 0.8185404987010336 0 0 0 0 0 0
-8.604638792954377 -19.50366539294835 -1.5647047743535085 0.1351515508204705 0.9648131091954296 0.22554317244259392 0.15892869322038722 -0.23655242461565487 0.958532535117987 0 0 0 0 0 0
-10.284029271686654 -18.420443184303203 3.217687436707154 0.12690620782083745 -0.9915840541632468 0.025610114129254763 0.0204755613061745 0.040766635598562695 0.9989588744343638 0 0 0 0 0 0
-9.461694910716608 -18.085387008085437 6.824619627722922 -0.13991467466676977 -0.9494821914629529 0.2809047025373561 0.0833403045515741 0.27780767365468756 0.9570147805001872 0 0 0 0 0 0
-6.049869623147495 -18.486534062659167 10.515270021307728 -0.09555551341504961 0.9564877552413167 -0.2756815516667978 0.45580831950021183 0.2919851666983272 0.8408230719375764 0 0 0 0 0 0
-4.807282894292461 -16.820432444045785 13.862127864936433 0.14485645023326446 0.8403102720746449 -0.5223937743423576 0.47341366190608536 0.39427567663693236 0.7876713753420013 0 0 0 0 0 0
-5.1087874315749575 -12.364472404992753 18.793875580651928 -0.004111448968815608 0.7757130218124323 -0.6310724235600869 0.36581880027227803 0.5745411730602884 0.7321741909039535 0 0 0 0 0 0
-6.884468360959866 -7.603229683699318 20.486580902198668 -0.7080422508559923 -0.429643090994608 -0.560431071018889 -0.47022169315999024 0.8811310827041043 -0.049995743563276816 0 0 0 0 0 0
-9.48188919632096 -5.153722741564379 20.211393321065238 0.04781204979009083 -0.20865908988736576 -0.9768190170662354 -0.5750076896255554 0.7931561636056171 -0.20067251183433327 0 0 0 0 0 0
-10.670648402426286 -0.6952096387972795 19.0049126010584 0.05519157698488768 0.5022444053164268 0.8629625989336213 -0.7286453966517187 0.6183062012295277 -0.2945731275241688 0 0 0 0 0 0
-14.100085979960282 2.491888129512225 17.52670118661574 0.6961442705793689 0.669923081502842 -0.25804305727776355 -0.7004593500500015 0.641945788398884 -0.3118690489363521 0 0 0 0 0 0
-15.050845987761996 4.497136155005191 15.745825211201195 -0.5526436514492004 0.21289395487107832 0.8057674344947469 -0.6186699557168118 0.5501512249344169 -0.5608753119870037 0 0 0 0 0 0
-18.208865202001963 5.98729262300335 11.073849746743146 -0.8511334099422952 -0.5051655547067798 0.1427574194842155 -0.3562801194215506 0.32422637352419476 -0.8763228487357356 0 0 0 0 0 0
-21.005656978886172 5.387462501435155 6.724848372905017 0.3507913730921728 0.5648484830502511 -0.7469214173927121 -0.4394372638287852 -0.5643680788233741 -0.6988444481884967 0 0 0 0 0 0
-21.545131548209234 4.994134562932559 2.393847159790384 0.8695882489735671 -0.4072275067848125 0.27925263645113724 -0.07556936537125923 -0.7032054227290044 -0.7069592664799771 0 0 0 0 0 0
-21.67013555837762 1.7212048335384182 0.27350453530319313 0.9871689242948047 -0.10584166582113613 0.1195619365970834 0.018322109233638632 -0.7381708770219354 -0.6743649283806931 0 0 0 0 0 0
-19.07768306824385 -6.210170541379138 -1.236956787083351 -0.8794761210232676 -0.39922934279470496 -0.2591094062390918 0.4431417485159413 -0.8605499234763142 -0.25115576825377506 0 0 0 0 0 0
-18.026215604305943 -8.788032383856955 -5.441504917175472 0.8449663039661799 0.2599735799331609 0.46738173145563766 0.4962128612760583 -0.6640804926906616 -0.5592583441773179 0 0 0 0 0 0
-14.426990128298272 -11.479945996997968 -7.6472332365003615 0.023477637019709532 -0.6418689769006724 0.7664548369293881 0.8691165873789026 -0.36030579352738556 -0.33884523413123485 0 0 0 0 0 0
-7.766467705069111 -13.219627748735363 -10.70371947829306 0.46227185126181625 -0.6670121156497443 0.5842940810135125 0.8688611405259834 0.2084304000217934 -0.4490401839820602 0 0 0 0 0 0
-3.021346168915717 -12.61884512764864 -13.032538115763248 -0.4700857111171171 -0.3666053968433328 -0.8028822499027218 0.817771078364572 0.16238015610745204 -0.5521622481598725 0 0 0 0 0 0
1.6589211510786428 -12.08736576579342 -14.894068168019915 0.5918023166184398 -0.7996031575659577 0.1020039629406537 0.7769602503496826 0.5447892569322133 -0.3154955386496066 0 0 0 0 0 0
6.478760302407872 -7.209872155152059 -18.6138441789376 -0.6017969576864172 0.4068423201129412 -0.6872552279062646 0.7503080208030432 0.5453410888209188 -0.37368565768869816 0 0 0 0 0 0
9.218730187870756 -3.902348917098671 -19.98844427760836 -0.802885629235978 0.5946830177888464 0.04155447893907686 0.5462899396283326 0.7748244427686767 -0.3181420826440325 0 0 0 0 0 0
10.343018630967094 -0.07058085839498236 -20.355676889749084 -0.9860775181247826 0.09872101378579717 -0.13381064862698142 0.11404457023840518 0.9765339124071067 -0.18268922770105134 0 0 0 0 0 0
9.427849112158563 2.8568081450418323 -19.906237222768436 0.0633146167849669 0.1514801981696712 -0.986430437924464 -0.061369006202500694 0.9811982454715182 0.1829859233966689 0 0 0 0 0 0
10.8232749630194 6.971328654674135 -18.836964768124425 -0.3894724281312153 -0.23755038306186685 0.8898769820782733 -0.39770479452454177 0.9122900699195401 0.09776361663928286 0 0 0 0 0 0
8.984814994138823 10.703219126180095 -17.373734303961538 -0.019323017879928954 -0.46330801484971834 0.8859866276395063 -0.5172349665330517 0.7615094973946477 0.3906037311308018 0 0 0 0 0 0
5.278059045507936 12.49030508890461 -16.774362816592703 0.8793843909774925 0.4177395764495908 0.22842228256643637 -0.44432600064674177 0.6070508456274127 0.6588350901191548 0 0 0 0 0 0
6.680253285233678 14.961693440899914 -13.436336765679245 -0.11160162796275738 0.6202557339666429 -0.7764199257602573 -0.21401068030260126 0.752096586963457 0.623337912046377 0 0 0 0 0 0
5.223514241153777 17.45059677503772 -12.151491271109322 0.9197946921528087 0.38737682341494734 0.06258530952599436 -0.2794391509405775 0.6409188336507013 0.7149383257270753 0 0 0 0 0 0
6.818107028146303 20.85028689781084 -7.134609456492897 -0.32713280300480546 -0.9279516320136316 0.1785774281410077 0.5093986837037514 -0.05296277850173446 0.8588992520280022 0 0 0 0 0 0
9.397812284479473 19.364485157005003 -4.153518270227051 -0.29362185315986317 -0.9086072590723799 -0.2970169289921785 0.599381369422731 -0.4237093818831382 0.6791261544758386 0 0 0 0 0 0
11.60419061289557 16.891152473016234 -0.1198502328828103 -0.4775098919755619 -0.003282474718492329 0.8786202413017865 0.7754059698927166 -0.4554193559479274 0.4374228984434978 0 0 0 0 0 0
13.044192242869972 14.6374788155494 1.5872856012264465 0.5260496614715984 0.7370312581041598 0.4243308594045642 0.6593091067971664 -0.6725660498683831 0.3361047608391797 0 0 0 0 0 0
16.74646764962768 11.913939097297966 1.455630881372067 -0.7012811443586142 -0.69557258756316 -0.15615227183029548 0.4849087698006038 -0.6292994084055655 0.6073267156571249 0 0 0 0 0 0
18.125960121163487 8.361272636674144 3.5903053666001794 -0.7275270299375038 -0.43258535943600246 -0.5325169739190844 0.15588840957157327 -0.8413349597363889 0.5175464126883833 0 0 0 0 0 0
17.521285788867672 5.575389632597662 7.068624124578367 0.9337057811841813 0.20821342283728494 0.291274243168907 0.15914166690500203 -0.946359929783743 0.2812059977212549 0 0 0 0 0 0
16.970591657055657 0.7078740569487918 10.992315054419425 -0.6818313139244926 -0.1789907435844916 -0.7092731300867606 -0.5961669080884047 -0.43082325509607217 0.6774779262593996 0 0 0 0 0 0
14.564582493974315 -3.1474913715947674 12.31162073600861 0.7561662318850221 -0.22830816643376609 0.6132601494443111 -0.6441557940338392 -0.47516684435151546 0.5993995187199077 0 0 0 0 0 0
11.783173985269622 -5.898563296582978 15.452446420912402 -0.0822000578320173 0.8054257058899242 0.5869689794053261 -0.5931237399018152 -0.506656485265825 0.6257023534420857 0 0 0 0 0 0
7.793161755056453 -7.2669560197129295 18.259628679540175 -0.4565064438770247 0.5761212212801049 -0.6780016261702277 -0.8790157919808127 -0.18864743402946377 0.4378851254409585 0 0 0 0 0 0
1.3965691537684861 -6.434093310116976 21.48540048990953 -0.12462221618867843 0.006531370222249713 -0.9921827676568679 -0.9866156306564233 0.05599968259748884 0.15314578966921932 0 0 0 0 0 0
-5.803377477412767 -5.892072477496373 20.296085074404644 0.43017702813997033 0.8970271865155365 -0.10143939625551847 -0.8877446575165817 0.45656808591199105 0.05877929888513168 0 0 0 0 0 0
-7.9865977097572305 -3.6819501957678735 19.56481094079842 0.02776925443578597 0.18708303298576145 0.9819515300038638 -0.8347667443490134 0.5435777473737864 -0.0876796161544335 0 0 0 0 0 0
-13.130600275764914 -1.5256182582384543 17.479779165554135 -0.5738535807220663 -0.009011309894807713 0.8189083368646595 -0.6771489190096408 0.558799603823558 -0.4787612601816376 0 0 0 0 0 0
-16.701852000206692 2.544010962777932 15.477419206494723 0.864074919350199 0.16272934466140876 -0.4763335954307818 -0.4143900340842279 0.7842300953994055 -0.4618052155633498 0 0 0 0 0 0
-17.951273242226886 9.176265378216414 13.067843402144817 0.5475695570411706 -0.5267209134375314 -0.6501789442524794 -0.06824078933134572 0.7703357548815639 -0.633976355570526 0 0 0 0 0 0
-15.76003694331573 13.993513820362773 6.48706947615255 -0.40312331407172 -0.5003018928936789 -0.7662829827282055 0.6643108125897139 0.3975587833983032 -0.6329598391835418 0 0 0 0 0 0
-12.836435497767305 15.829593265316605 3.023712380932538 -0.6783498924692504 0.6930637076276938 -0.24393466452374318 0.6514433049995484 0.3840554834284194 -0.6543110926920225 0 0 0 0 0 0
-9.13981125741964 16.876073599564315 -2.2155221103165412 -0.4013996405457367 0.8478315424043223 -0.3464967593990758 0.8008890686604773 0.12878718135389655 -0.5847995909874356 0 0 0 0 0 0
-4.469293920865783 18.710882979408012 -5.084729781610604 0.4000061850796779 -0.54063864219353 0.7400708820546441 0.9097307291224831 0.25662062247796186 -0.3263983097525148 0 0 0 0 0 0
0.6379674998621548 19.905471803119536 -4.369487923033513 0.062034459339926934 0.9975441068005007 0.032518930517382715 0.9512245086532046 -0.029219655802519243 -0.3071125947470273 0 0 0 0 0 0
5.703688108111495 20.138006438234143 -4.349759868127447 -0.33824181419965516 -0.07264531305934525 0.9382511037123461 0.9386846690058214 -0.036754970795968324 0.3428121414057836 0 0 0 0 0 0
7.486747297843126 19.084356765628783 -2.4443275636666697 0.5420236124512063 0.8041527616380559 -0.24402610412665363 0.8057921328374262 -0.44441701858749016 0.3913982016401177 0 0 0 0 0 0
12.25762052314549 17.454032572217294 -2.482867943196151 -0.4625650520181783 -0.8864910768474475 0.012928392060607492 0.6593412766258767 -0.3502343537739991 0.6652856366808684 0 0 0 0 0 0
14.70854154186412 14.859105380039336 0.07530109961299218 -0.5206588272260023 -0.7245188889567132 -0.4516489401920187 0.4049273651032364 -0.6703745340754707 0.6217972443278 0 0 0 0 0 0
14.671036615661796 12.0788624127093 3.643699840453118 0.8678408143833645 0.4149451745328789 0.27326328517072573 0.387126900021443 -0.8915869050998111 0.23495862174929463 0 0 0 0 0 0
16.476904841209294 8.500111598598396 5.133458172522665 0.7347185074796412 0.5002090770525655 0.4582353041845522 0.43603881278592577 -0.8587113571703137 0.26923030812105525 0 0 0 0 0 0
18.63596287494317 5.359435103607029 3.5635475255216833 -0.5775353473993134 -0.13194779761087597 0.8056318645696642 0.4526342136967889 -0.8779067176131228 0.15621159931593492 0 0 0 0 0 0
19.632325547285955 -0.05122052552077645 1.2019922952326758 0.8935064899950584 0.412289390642119 -0.17794271747014792 0.03389010414549565 -0.5223797439463542 -0.8520392385069767 0 0 0 0 0 0
18.038621618921784 -5.24416971171206 -8.388069246989662 0.4427809260084728 -0.8964616578734799 0.017365123835188807 -0.038839581677499325 -0.052850880647819364 -0.9978468175576183 0 0 0 0 0 0
17.491131445825868 -3.9230019371367235 -14.187699225558015 0.7489471893051225 -0.5407510751906316 -0.38297047185407523 -0.33909709242727315 0.12287666954706451 -0.9326920638605171 0 0 0 0 0 0
15.834899251582254 -3.837096092420313 -17.42083019030069 0.7621163750026178 -0.16916473927178904 -0.6249495355146503 -0.5048447231912943 0.3691634094736793 -0.7802885252082553 0 0 0 0 0 0
13.886512258065773 -1.575572680577611 -19.793895983865923 -0.2935352267875572 -0.10525383018555468 -0.9501361491207709 -0.24210994335329475 0.9692509547612195 -0.04399274967456201 0 0 0 0 0 0
12.202688468616568 0.400353995902086 -20.41231982358145 0.8612231465264719 0.4360243738602929 0.26110809502346455 -0.5282904710379104 0.8039172098195666 0.27317814328102075 0 0 0 0 0 0
11.562292347099962 3.4306073819211336 -20.018052281476944 -0.011472281914488243 -0.22896652234259868 0.9733666926672654 -0.45662021459053054 0.8661642275509447 0.20311944894168366 0 0 0 0 0 0
7.984786816355398 6.106729863706835 -19.20177891570482 0.29685946468331853 0.5682741521054595 -0.7674235768314358 -0.21231006270401673 0.8238444953845075 0.5255517906917098 0 0 0 0 0 0
6.894383233373588 9.882240327658318 -17.483903843364978 0.0662626681300092 0.4755453203947101 -0.8771920582534846 -0.18468812489669967 0.871805492590032 0.4537019722372745 0 0 0 0 0 0
8.412011383409332 13.028422223359517 -15.244435351957154 -0.953647319861816 -0.2845437382389062 -0.09793697131014453 -0.30203267821075697 0.8995189731001484 0.31566101806477764 0 0 0 0 0 0
4.605638688700188 15.238626230681284 -15.190768599299766 0.08478638365742631 -0.5816026867352961 0.8090423869789399 -0.5356659631472795 0.6657686451917539 0.5194363166019814 0 0 0 0 0 0
2.1174211846569095 17.391938633410195 -11.798011507435996 0.7618792015983925 -0.20220819093293954 0.6153469994169337 -0.5916796143138279 0.21472460752895883 0.7770512061164145 0 0 0 0 0 0
-1.2835145430264219 18.815343064734392 -5.861606779095699 -0.4542606396158439 -0.7911578997240605 -0.409531987761662 -0.8357852178113983 0.20660956784375414 0.5086998684522838 0 0 0 0 0 0
-4.031117404790023 18.12245109014583 -4.282123025913612 -0.40616675738308444 0.5394956496316176 -0.7375452591031073 -0.8525175204306878 0.044508180704931476 0.5208002488565543 0 0 0 0 0 0
-8.144271642279987 18.212360491315266 0.20961959288081264 -0.45724547013833333 0.8517731319756021 -0.25575205117935595 -0.7521418089970937 -0.21449991997799253 0.623115144646649 0 0 0 0 0 0
-13.571149777327426 16.570601597211645 2.7469847524886166 0.6831108251099968 -0.6813527852254514 0.262902991012007 -0.7355371259453236 -0.5611700052914611 0.37956996919840047 0 0 0 0 0 0
-18.80996739475038 12.209323514159188 3.1295286073465234 0.8047048986735923 -0.48422757563687296 0.3434729698878214 -0.5667763591375176 -0.8177906040444884 0.09991539750894443 0 0 0 0 0 0
-20.322577477823007 6.2484549552882775 3.7418018859982003 -0.805506697626054 0.3029239561010106 -0.5093093724836427 -0.16529691488197842 -0.9394679139041534 -0.30012825371010654 0 0 0 0 0 0
-20.92976117959681 0.35259122232161916 2.5610228498958776 -0.9893986192270646 -0.06995577210452728 -0.12726571502505077 0.11835333807121445 -0.9210267884947423 -0.3710823927949993 0 0 0 0 0 0
-21.105978109364933 -1.9831990966700002 -1.9120676723268368 0.9018487499828052 -0.08813773412890993 0.4229663958012188 0.21136214861595998 -0.7427033099246899 -0.6353879409930242 0 0 0 0 0 0
-19.965647092758743 -5.292503816173671 -3.754632178558146 0.944045152141084 0.2219158519290031 0.24399201909394957 0.31386128998096013 -0.7449083726123686 -0.5887296553287257 0 0 0 0 0 0
-14.923212212456988 -12.781348696563414 -3.80629808768985 -0.5715232191043275 -0.3992567988591584 -0.7169067014537978 0.48139982082972016 -0.872020093902821 0.08851648623182447 0 0 0 0 0 0
-11.360058361150658 -17.792103966328128 -1.4290461383759878 -0.8938295001755157 -0.27587584823843475 0.353498714247608 0.4526010115736975 -0.2421811044041916 0.8581961529813752 0 0 0 0 0 0
-8.048423616723184 -19.89342351899828 2.6191483011362813 -0.10754651033950566 0.9828838850724192 0.14957612302350323 0.3941871005183477 -0.07519299498967985 0.9159489850911021 0 0 0 0 0 0
-7.1360628240145685 -19.607579760935888 6.465402917223113 0.1510361860012131 0.9778206422515558 -0.1451029362382503 0.40496192247626905 0.08223783480849647 0.9106276845507908 0 0 0 0 0 0
-8.29912183615209 -16.898558352410443 10.57575590341527 0.1861841193614604 -0.8817601525335984 0.43339878530231557 0.09943974970700016 0.44953260678819773 0.8877117615602582 0 0 0 0 0 0
-7.0965004505699305 -15.164542486673795 13.708000769727441 -0.09498219705037107 -0.7687285510407065 0.6324830409254785 0.18131500752534896 0.6030175012313225 0.7768492525933295 0 0 0 0 0 0
-3.4029417383773386 -14.361769727917434 17.072056172633403 -0.16570557850450107 0.782934255624991 -0.5996295628314449 0.5439513653367807 0.5521225271769056 0.6318841880693323 0 0 0 0 0 0
-2.6527049877539723 -11.908002677956567 18.215695386968704 0.8591238734974778 -0.5045051613203468 -0.08591107139257889 0.48223032995648174 0.642041400844745 0.5960174061815477 0 0 0 0 0 0
2.8460732243568345 -9.48044025144879 18.69328088572158 -0.282091827410593 0.9005741803573827 0.3307421149200394 0.8692592972320214 0.38981925095959447 -0.3040217521115763 0 0 0 0 0 0
7.279738546867305 -6.627572123501654 17.508823211598305 0.46224697108945834 -0.5832412693310612 0.6679501174995883 0.8629110495247484 0.46570318274631445 -0.19622707812136947 0 0 0 0 0 0
10.810809047540126 -3.265410727077675 16.03271339792039 0.018734812482039002 0.8968343690042158 0.44196959326866936 0.6061760873170184 0.3426679578193707 -0.7177250322017008 0 0 0 0 0 0
15.397362409439584 -3.395469939276692 13.003644868302063 -0.7479317894668747 0.2220679465638452 -0.6255268702572224 0.6673424723181388 0.17328148265462615 -0.724311778455472 0 0 0 0 0 0
17.547623394399963 -2.807003756889568 8.926473894522232 -0.48823259717568446 0.8548836981788194 -0.17550724669708415 0.27369737682234585 -0.043863213677131446 -0.9608151562118914 0 0 0 0 0 0
19.13018763517689 -3.3402894459597605 1.2596748907258044 -0.30214564673754973 0.8958967819616501 -0.3256945873488034 -0.07765460887204859 -0.3372345183298833 -0.9382124713345803 0 0 0 0 0 0
20.9048901163902 -2.6473052007444613 -4.623674378058904 -0.9667706273327984 0.22615268769327498 -0.11920367433789739 0.0007454221415527147 -0.3762274697621652 -0.9265270289323404 0 0 0 0 0 0
19.37808195185395 -3.8542725466874885 -9.655558281428396 0.5338091810782393 0.7551706158445661 -0.38048009036153047 -0.45423064532592444 -0.115119874409459 -0.8834149281978116 0 0 0 0 0 0
17.764262709847443 -6.525187602071726 -14.022014096203343 -0.7941889231637841 0.6029231934516758 0.07581277677266854 -0.2843162055637459 -0.285223645837763 -0.9153205816045262 0 0 0 0 0 0
16.20937186048028 -7.736030629828869 -18.29921145198521 0.47649194636462705 0.7910361551625784 -0.3836889707500785 -0.3387632603108951 -0.22114099378301916 -0.9145141411329796 0 0 0 0 0 0
