time	duplex	start1	end1	start2	end2	axisX	axisY	axisZ	hel_pos
0	0	0	4	7510	7514	0.825598229757742	-0.47008487733490817	0.2006635911514451	[-45.34428992202685,3.3793528751999427,-38.46170412636484]
0	1	5	9	3824	3828	0.5525497707034038	-0.8003116116709529	-0.21810094374540928	[-44.47511226702588,1.3945681385500122,-35.98431808686375]
0	2	10	15	7499	7504	0.6270288404510507	-0.7005596680599555	-0.3055095750262128	[-43.24182906210788,-0.32596321988013477,-36.50307450790049]
0	3	20	30	7488	7498	-0.11160516669382639	-0.03237409574373903	0.9496663499210889	[-41.77044787195867,-2.9104181739864607,-36.34762384611187]
0	4	31	34	5724	5727	-0.13739698293097766	0.05241868388739691	0.9859363861185874	[-39.97099609754993,-3.6934662923366384,-31.758540959890126]
0	5	35	62	7456	7483	-0.2811197493040244	0.09825304718316828	0.9120782891037552	[-40.21740426031066,-3.67489663356414,-30.1766251508625]
0	6	63	66	5692	5695	0.0610623034447298	0.3923182067151419	0.9099150976269232	[-45.55210877783523,-1.7707269811939403,-19.844776234838776]
0	7	67	82	7436	7451	-0.15906853063699897	0.30415430315042824	0.8868144300986263	[-45.51573775298944,-1.067490580315541,-18.396596859291726]
0	8	87	91	7431	7435	-0.5018061455774607	0.6920360745663121	0.4843135920320126	[-46.44096968520175,1.0183150421390685,-12.602535478144755]
0	9	92	98	113	119	-0.834949143394335	0.4867286682709185	0.19881822253507261	[-47.540080883340174,2.385419327020797,-11.647559247682464]
0	10	120	124	7398	7402	0.5491203067127265	-0.8181940712145108	0.13874767756351464	[-47.31957214174058,2.200889757607504,-9.320297020145784]
0	11	126	134	7384	7392	0.10553130329623799	0.15094269271099553	0.9465419370772739	[-45.33328383254073,1.2555260572022784,-7.310795006547494]
0	12	135	140	1103	1108	-0.14708102480950017	0.022658968193142316	0.9766008137051385	[-44.96045428451656,1.8915172069671558,-3.80220457883673]
0	13	141	172	7346	7377	0.12250730657124219	-0.019723059429617162	0.9446372490052249	[-43.08541801849702,0.9161281671949877,-1.0606867258939403]
0	14	173	176	1067	1070	0.015542206351095003	0.058873291231392434	0.991607028592329	[-43.61063080141834,1.7386920872138658,11.45187489923016]
0	15	177	187	7331	7341	-0.04162330430382345	0.04488456213130861	0.9752928889173367	[-43.55428758426868,1.8678701705342906,13.054861067758424]
0	16	188	193	7321	7326	-0.9372420265581015	-0.027806174083271334	0.3189632133594029	[-44.45814322179598,3.121417635244965,18.116488553587214]
0	17	194	198	215	219	-0.8819411735179689	0.4618352549293972	-0.03943769588774848	[-46.010002118372256,4.545795475468683,20.730040567776282]
0	18	199	203	7311	7315	-0.8576128958485298	0.45428883188675007	-0.15152514232766054	[-47.85097500436024,5.462539139187766,20.755560803483192]
0	19	210	214	7300	7304	0.7686331479406513	-0.15148651805169394	-0.588116612329806	[-49.74041539572433,3.7519023468387163,20.54106819230754]
0	20	220	225	7289	7294	0.7622041590273605	-0.6220008134820457	0.13515625680064708	[-45.65979005902017,4.401093756282043,20.694953126873294]
0	21	230	240	7278	7288	0.4285533112730344	-0.18521147507741867	0.8685336001243276	[-43.42756029689614,3.2537274025013856,21.24509010413442]
0	22	241	244	4968	4971	0.13823309468450373	0.09948218840311425	0.9851104177420025	[-39.23043761869431,2.5750441983530368,24.63136380255152]
0	23	245	276	7242	7273	0.18955341901734762	-0.1666539277786939	0.9230709818874259	[-39.03010114126394,2.6850285029778655,26.22124555614844]
0	24	277	282	4930	4935	0.2055621725628653	-0.20974476097160863	0.9351314147238281	[-36.511471569832395,0.2823629259385593,38.281283954854686]
0	25	283	292	7226	7235	0.01411037561527451	-0.21261213720348374	0.9289553503196833	[-38.37813732454026,0.2947732365510178,41.11484711423938]
0	26	297	301	7221	7225	-0.7171596653900386	-0.30391409771112854	0.6020902853811223	[-38.554940978559884,-0.34562290298252113,44.90267591772831]
0	27	302	307	324	329	-0.7309955294576437	-0.316961072435016	0.5916690513510592	[-40.05106004917316,-0.952795382314349,46.115933882281894]
0	28	308	312	7210	7214	-0.4781476689244913	-0.38134249684044513	0.7781211416943945	[-41.29366106734497,-0.34996516559945984,49.49044196277666]
0	29	319	323	7199	7203	0.5699625225112752	0.5396933815818419	-0.6049445744890704	[-42.80477537317212,-2.6987301755501485,48.54077885032242]
0	30	330	334	7188	7192	0.7366813670496736	0.5619457817046027	-0.35524788535172885	[-39.162509961813115,0.6716210444577809,47.90589524453348]
0	31	336	340	7178	7182	0.10247657518560259	0.36480910305624853	0.8958374302987728	[-37.147001433064496,3.093113886972205,48.403665685426574]
0	32	341	345	362	366	-0.002205756944213169	0.6061179786844675	0.7861067275452368	[-34.63910748584169,4.141592645393339,50.32937258346851]
0	33	346	350	7168	7172	-0.04194076887967221	0.42645572337448945	0.8952434488697154	[-34.61370961220628,5.338387456554779,51.888217620115995]
0	34	357	360	7158	7161	0.1344528819307668	-0.4596283379309876	-0.874218312732427	[-37.37764373206831,5.431599785705153,53.477054597865205]
0	35	367	372	7146	7151	7.9780317327445e-05	-0.8799586874325744	-0.4467003946904374	[-34.569988138304495,3.8619168036007796,50.12103061917882]
0	36	377	387	7135	7145	0.8305084239803777	0.47469283515941374	-0.23985620895904652	[-33.880949008024075,1.4096694050042107,48.1972566966085]
0	37	388	391	4905	4908	0.9426092379436414	0.24959445822339907	0.11823298764876344	[-29.627664572087458,1.7437303952596936,45.413082208874876]
0	38	392	423	7099	7130	0.7154834344952011	0.5845885551237505	-0.2427992292354452	[-28.137150798593513,2.0649564272346277,45.56503495984157]
0	39	424	429	4867	4872	0.698765105808868	0.49367962968669044	-0.5104048080967443	[-18.789654815127868,9.857297885982238,42.234813690149366]
0	40	430	439	7083	7092	0.8453221859605785	0.4664903704796574	-0.1605019315944412	[-17.381071025624188,12.781437024700804,42.36796232149101]
0	41	445	448	7078	7081	0.31237163886500036	0.664371888716667	0.640225440540452	[-12.757505360797609,15.613224979459565,42.21725834572253]
0	42	449	454	471	476	-0.021588514000894215	0.6786668897834016	0.7199513308635384	[-12.397333747055912,16.72926055190747,43.24924843263747]
0	43	455	459	7067	7071	-0.16653712594938258	0.520909823002153	0.8162606024219844	[-10.561282960819486,17.041343717449106,45.981523535820514]
0	44	477	481	7045	7049	0.18621490826971854	-0.19427654694051427	-0.9482511557970761	[-10.049612430916888,15.746034994788005,43.702422845089075]
0	45	482	491	7031	7040	0.45397777513435617	-0.852577956223007	-0.15361263758610488	[-8.719223148299985,14.979103970511378,41.03895664726535]
0	46	492	497	902	907	0.7612947605483764	-0.641155637242952	0.050883243773864065	[-6.802211413872913,11.591499443791552,40.41892718084193]
0	47	498	529	6993	7024	0.7811317113316261	-0.5668930716587685	0.0014156749693623048	[-5.4933848380542685,9.786513759963203,38.11495478587667]
0	48	530	533	866	869	0.7155701046426709	-0.6764669780617109	0.11809353260597678	[5.553385737921888,3.2603529795808175,40.23648757954639]
0	49	534	544	6978	6988	0.6421264572981997	-0.45317084740771774	0.5708654611461671	[6.634079044546308,2.2008632631496408,40.57563984455463]
0	50	545	550	6968	6973	0.19482643521211157	-0.3265050496972073	0.9093543765259019	[9.68461941859908,0.46218282604389493,43.267341607967865]
0	51	551	555	572	576	0.26367597297122825	0.3428149411295836	0.8861557761496683	[12.35934201765133,-0.8453124486858119,44.916227401810985]
0	52	556	560	6958	6962	0.21980549643604314	0.2283364480925676	0.9355666241947129	[12.916231121448604,-0.2231415025514622,46.80316544364575]
0	53	567	571	6947	6951	-0.1649977483053647	0.061609367856938324	-0.9739828907957386	[10.659052504681426,-0.5088705528624822,49.0209998602473]
0	54	577	582	6936	6941	0.02272160970638702	-0.5314037462434611	-0.838203065729763	[12.290597699797974,-0.9845421881506264,44.4985428259074]
0	55	587	597	6925	6935	0.9445949947314224	-0.08317223995760231	-0.23127706246090657	[13.694377110532887,-1.727112400142198,42.45390202208782]
0	56	598	601	4653	4656	0.9656377572482239	0.08830285546588945	-0.17947496210738867	[17.645091169704116,-2.180104998000488,39.12742510547976]
0	57	602	618	6904	6920	0.9467896584956705	0.16275278934725287	-0.03150871975589657	[19.230931991192186,-2.158799740272709,38.80929693640184]
0	58	619	622	4632	4635	0.9528465580951497	0.22877737714253685	-0.17590429127205506	[25.93687022427831,-0.47132573587243165,40.946128222936984]
0	59	623	639	6883	6899	0.9625377157336549	-0.05816678940597239	-0.018934069566088684	[27.47356899944137,-0.12160372922538538,40.77774967193443]
0	60	640	643	4611	4614	0.9387351453339806	-0.23612384340223755	-0.239358235939269	[33.74873170597814,-0.0449866492101853,38.38188129774018]
0	61	644	649	6873	6878	0.8714188659110583	-0.27571763295743307	-0.3875556903784377	[35.26907370243708,-0.43965766988512517,37.989575210330756]
0	62	654	664	6862	6872	0.28638909967168596	-0.42327319799038554	-0.83923533051388	[36.66685864071732,-2.178343474973307,36.63211635589698]
0	63	665	668	4510	4513	0.09476698423276177	0.17561345528878922	-0.9757991375052651	[38.95390320322296,-6.168980819313267,32.91152572650973]
0	64	669	700	6826	6857	0.0714309933160701	0.02572528782966464	-0.944655899089956	[39.07712745350797,-5.992595568562899,31.309738192400488]
0	65	702	706	4472	4476	0.3466168434206488	-0.024959622781369917	-0.9297385269720666	[40.59912683505847,-5.520218219315528,18.88165667887339]
0	66	707	716	6810	6819	0.14375565887288683	0.2773899064103772	-0.8947856079688454	[40.267688789526034,-3.576312128503777,16.633220682437283]
0	67	721	733	6797	6809	-0.9708510361974249	0.11305622302820124	-0.0885836291792196	[40.03760718999794,-3.165703869703922,12.098577515058244]
0	68	735	740	5278	5283	-0.8594311631825828	0.3062750564297244	0.3713957943363557	[34.22691908372927,-2.86350920282605,11.345894960064829]
0	69	742	767	6763	6788	-0.8726220286030666	0.2749148283638675	0.14030791130417042	[31.255340537336192,-2.540771042551632,9.843880391655013]
0	70	768	773	5245	5250	-0.787779895018902	0.589962809477068	-0.13786550005137319	[21.920940382272274,0.4905384008898894,11.190870527606958]
0	71	774	783	6747	6756	-0.9749983522455486	0.11772636768748196	0.0015242746209563895	[20.001985549801695,2.479973809307599,13.347328674979284]
0	72	788	798	6736	6746	-0.3108386157163605	-0.04436710201550285	0.9281772454415911	[15.66904756989161,2.946437945056994,14.560840173318702]
0	73	799	802	4716	4719	-0.07886379586451796	0.011642651230551563	0.992717828354622	[11.971297935793839,2.90752994009897,18.625096288980142]
0	74	803	819	6715	6731	-0.13002256250552727	-0.3737322627090845	0.8902251164603298	[11.902938016118991,2.899952385747009,20.194606796134654]
0	75	820	823	4695	4698	-0.1274599102027422	-0.3809266378412112	0.9026958213934995	[13.457781435526027,0.0407762080731987,26.429652229161633]
0	76	824	840	6694	6710	-0.09439171190452109	-0.19019469217396553	0.952101092909796	[13.325424619853177,-0.5430369884153199,27.948383332736846]
0	77	841	844	4674	4677	0.02668972016773567	-0.06589797819841885	0.9879849055464164	[10.119812831639841,-1.66640689054399,34.25008201392916]
0	78	845	850	6684	6689	-0.07610873498714912	-0.020923440005724436	0.9850911674113485	[10.083788009418663,-1.805565842483687,35.823705675401214]
0	79	855	865	6673	6683	-0.8546112645744213	0.49627489997044794	-0.005267023611621647	[9.416898429857348,-0.95543422138206,38.5094606447975]
0	80	870	901	6637	6668	-0.7964039636767308	0.5141643486986234	0.020319130762881804	[5.216261874034423,3.5372178868223587,40.244687247463226]
0	81	908	917	6621	6630	-0.7854906649367951	0.5667814057270045	-0.03904345013873235	[-7.558348340413293,11.952675687644039,38.1804803726039]
0	82	923	932	6610	6619	-0.10543624670210694	-0.7706782016079913	-0.6067875611403418	[-11.383574689916076,14.098775890356439,35.83866878419375]
0	83	933	936	4842	4845	-0.229560551029373	-0.6690349093120395	-0.6993392942026851	[-13.557887097694678,10.086315150056363,34.583072669897234]
0	84	937	953	6589	6605	-0.14308368358750087	-0.7115307796512352	-0.6571856771278238	[-13.920796690167425,9.012300697632199,33.510354458771715]
0	85	954	957	4821	4824	-0.021174887432366767	-0.7374801070662599	-0.6695178224277196	[-12.671101809747206,4.688016125441864,28.27911956169682]
0	86	958	974	6568	6584	-0.0015804439142804872	-0.6069952408338751	-0.762744931740927	[-12.751651911937433,3.406890363282818,27.1988774188383]
0	87	975	978	4800	4803	0.03252085163276816	-0.4225201292704665	-0.8900906673620553	[-14.995693804318908,-1.4620204737292122,22.788641902916925]
0	88	979	984	6558	6563	-0.13240724410277224	-0.353982501139235	-0.8884757794344311	[-15.075080877140639,-2.1565440834185665,21.278846740395284]
0	89	990	999	6547	6556	-0.977752879923345	0.023114760680087807	-0.022853695581994554	[-16.355331417004102,-3.8012899062342744,17.997219052791024]
0	90	1000	1003	5031	5034	-0.9529033917857755	-0.255860433686458	0.14199126406445445	[-20.779563954431087,-3.78113865938243,15.575937756094024]
0	91	1004	1020	6526	6542	-0.9399176535825251	-0.007526888410688137	0.22749940063887886	[-22.308798753822586,-4.059600033551032,15.700879665575272]
0	92	1021	1024	5010	5013	-0.9553778255515787	0.15627378844151976	0.18275915966879666	[-28.25357912789967,-3.4010670069351683,19.49854088112589]
0	93	1025	1041	6505	6521	-0.7755157106220646	0.6026384696386518	-0.12284146925572745	[-29.813535778707955,-3.078703699475404,19.76437838484578]
0	94	1042	1045	4989	4992	-0.8439620718056378	0.5178140579329622	0.05825126062475991	[-35.6072635523595,0.580501498379709,16.50091171588253]
0	95	1046	1051	6495	6500	-0.92882030507479	0.31118683448636364	-0.052627016913041745	[-37.086435177762795,1.5081520846021554,16.621667084335325]
0	96	1056	1066	6484	6494	-0.2859294347493574	-0.580714198405195	-0.7129686743180648	[-40.15983216260702,3.202758920642501,15.569260711766455]
0	97	1071	1102	6448	6479	-0.12181612241976032	0.03613617445056535	-0.9618533661865771	[-43.708531820736724,1.6817124181620877,11.054583431387819]
0	98	1109	1118	6432	6441	0.44600546899600807	-0.2548897976008247	-0.8138897002933888	[-42.72057130140662,0.8030794979953351,-3.9013916535940014]
0	99	1123	1137	6417	6431	0.8055707135855382	0.12616279949821863	-0.5558593120358416	[-40.80499638257588,-7.141523270326466e-05,-7.232006902032612]
0	100	1138	1143	5655	5660	0.9684739611045684	-0.07886618420194665	-0.1655258211726695	[-35.82586464156736,0.8095804897736433,-10.503583073299472]
0	101	1144	1169	6385	6410	0.9534801222140804	0.053853844743736994	-0.15050434404724697	[-33.91337974624314,0.802593416081333,-13.223693677167464]
0	102	1170	1175	5623	5628	0.9830974999160533	-0.04493359039392627	-0.10153259758101733	[-23.79769228135632,1.276591357077209,-14.834317980613744]
0	103	1176	1185	6369	6378	0.9352287691613222	0.13294514955224898	0.27679373383802736	[-21.183197974141365,0.13798723775297828,-12.985954818999936]
0	104	1190	1200	6358	6368	0.17851035533974577	-0.24460633403510604	0.9200897005372906	[-16.137084833937152,0.7126116687139228,-11.16475907859512]
0	105	1201	1204	5094	5097	-0.036193339992217056	-0.11001958712212782	0.9850174449787059	[-13.117051666313515,-0.09404528543144502,-6.811422831187443]
0	106	1205	1221	6337	6353	0.1209142551985291	0.07407008059681404	0.9635763583890086	[-13.052712181974385,-0.30435983088363533,-5.164223013688856]
0	107	1222	1225	5073	5076	-0.12461663499169971	-0.04491798521407433	0.9847486637193071	[-14.563587151569639,-0.5302297276678268,1.1390131708887683]
0	108	1226	1242	6316	6332	-0.10093997149395709	-0.0856983562253948	0.96686535033028	[-14.85693529360967,-0.5819109654407051,2.748363905468428]
0	109	1243	1246	5052	5055	-0.26745563829994407	0.019879712790994233	0.9561932721143577	[-13.470363065473865,0.05729635671848973,9.81266312275907]
0	110	1247	1252	6306	6311	-0.09054427975073268	0.43028967911143534	0.8761850578029765	[-13.856410169341103,0.16621664930320118,11.51013564109915]
0	111	1257	1271	6291	6305	0.9377406940815354	-0.20841577137673212	-0.111994634167763	[-13.324773329997395,1.2262944274731393,14.005195022568369]
0	112	1272	1277	4773	4778	0.9674755583623087	-0.20936348834570725	-0.07277958598253802	[-7.779593957936402,-0.10997760461991449,13.359545434530357]
0	113	1278	1303	6259	6284	0.9454033143133649	0.09571245474024899	-0.14527895719958625	[-5.080469585175971,0.0668232531023415,15.71220692800594]
0	114	1304	1309	4741	4746	0.922400568557285	0.28622425591847145	-0.18825879463866974	[5.035424654152398,1.2118750047752012,14.135696126685048]
0	115	1310	1319	6243	6252	0.8368286805197278	0.20908850975353607	-0.39816373589172677	[6.606209762412732,1.553325709412756,11.185836395023117]
0	116	1324	1334	6232	6242	0.4235534230598666	0.3293579943073802	-0.8222393053394189	[9.903799477678543,2.441605825992128,9.418305822744705]
0	117	1335	1338	5220	5223	-0.01289079665133028	0.11458228317557069	-0.9739974056063151	[14.087379344012607,3.869848000671575,5.763957055153833]
0	118	1339	1355	6211	6227	0.061661396184137504	0.00952193459879948	-0.9732046375046324	[14.117009977489303,4.0452406388331035,4.134830907156457]
0	119	1356	1359	5199	5202	-0.03242173420951927	0.029026100602425803	-0.9655866701600925	[12.084525793833514,4.504374994521246,-2.704819184755117]
0	120	1360	1370	6196	6206	-0.019528183760287133	0.0013689242400671182	-0.9800415586463209	[12.04811903413931,4.547096255315224,-4.296136614729472]
0	121	1371	1376	5182	5187	0.12425393874540265	-0.4502087770580235	-0.8678237580889251	[12.149114960957268,4.253452319698681,-8.68593837559013]
0	122	1377	1386	6180	6189	0.14311961472080087	-0.10033429317199012	-0.9660917785030166	[14.679626580644278,4.114797767017256,-11.082195281446218]
0	123	1392	1401	6169	6178	0.9663415831699385	0.11791340007166602	0.13258550425136872	[16.43823434043709,4.295119724942923,-15.850646950522822]
0	124	1402	1405	5409	5412	0.8710082501459243	0.4765192890902877	0.041426095154532806	[21.055215809227185,4.07497746471441,-17.664412009894285]
0	125	1406	1416	6154	6164	0.8996586670681209	0.2997508548189883	0.11123609351697436	[22.482080374915988,4.830145545634842,-17.64037859334292]
0	126	1417	1422	5392	5397	0.9584435355360779	0.24197283450983215	-0.02973245081077338	[26.513452506636682,6.059587493764646,-17.176815788440564]
0	127	1423	1437	6133	6147	0.9578710366014587	-0.15397257252727203	-0.0798999426968914	[28.71485042551631,6.836244094424686,-14.68463609467386]
0	128	1438	1443	5371	5376	0.8890164165670662	-0.39353191539337196	0.02494816112229583	[34.73698426842692,5.841862182320822,-15.315465123203996]
0	129	1444	1453	6117	6126	0.8158691664303184	-0.40587120188846487	-0.38145678662485505	[36.96306424515306,4.649411622067794,-17.655693835162232]
0	130	1458	1468	6106	6116	0.30550922391485286	-0.2770126451533951	-0.845807880183415	[40.14443983413345,2.9232212320588413,-19.21816900977221]
0	131	1469	1472	4300	4303	0.03212202544478525	0.03655453209181632	-0.9972696195452638	[43.81220460828052,1.2112131684129115,-23.02099039400292]
0	132	1473	1504	6070	6101	-0.18509824228078106	-0.40764782532555294	-0.8376938939685276	[43.89014689082147,1.2833420540686884,-24.642878459100842]
0	133	1505	1510	4262	4267	-0.07424237573313246	-0.5486857975626651	-0.825905121737771	[41.55393315548979,-3.9792294992706485,-35.38677030811594]
0	134	1511	1520	6054	6063	-0.21305395946458322	-0.7307716843827028	-0.5892002507900655	[38.970474127726135,-4.5405252246844,-37.40258617081]
0	135	1525	1535	6043	6053	-0.7634214452917014	-0.14371610208318858	-0.5545060743803005	[37.91314145970694,-7.5626464289469135,-39.78929122717659]
0	136	1536	1539	4157	4160	-0.9450547179958387	-0.056650024577354664	-0.2924455012619993	[35.07553861617541,-10.354468775842932,-43.39444349660221]
0	137	1540	1571	6007	6038	-0.9467787751228861	0.0926641548822713	-0.1902718172865987	[33.498685655934246,-10.452149081380172,-43.89117025187902]
0	138	1572	1577	4119	4124	-0.9864934420177012	-0.005499804302831953	-0.12550495158614744	[20.98873234292941,-9.259368349213513,-46.38130220876276]
0	139	1578	1581	5997	6000	-0.8077385420437646	-0.16076729231425044	0.5139484836168191	[18.704165427915044,-7.4250725571874305,-44.9185542989963]
0	140	1583	1586	5992	5995	-0.83006152027782	0.44125807951113444	0.32765556918806066	[17.14166071412842,-7.353077574089575,-43.87271305843582]
0	141	1592	1602	5980	5990	-0.051566302037511925	0.5733032866399469	0.7792414787412311	[15.565033219608384,-6.5660846212053485,-42.3508570486342]
0	142	1603	1606	5472	5475	0.144088928941885	0.12396560115199395	0.975244203212852	[13.153430154774018,-4.966181077334465,-38.22402768715577]
0	143	1607	1617	5965	5975	0.19504860585050443	0.1318850130034473	0.9523493657140092	[13.321158063332396,-4.784867823807461,-36.69556230725719]
0	144	1618	1623	5455	5460	-0.025303637659468813	0.21229722218277325	0.9617406161795593	[14.153459403226345,-4.089471212002628,-32.39301292125812]
0	145	1624	1638	5944	5958	0.09584880597344257	0.202069111537293	0.9506231828583462	[15.933287619178593,-2.027922014923838,-30.57596397938216]
0	146	1639	1644	5434	5439	-0.17100472276122916	0.3432061192536499	0.9072127416484866	[16.502637651010936,-0.8262276031389504,-24.731406195215907]
0	147	1645	1654	5928	5937	-0.5702017125256432	0.22767207883970178	0.7573337528925583	[13.888678578887447,-1.0961827364271755,-22.514279382116566]
0	148	1659	1673	5913	5927	-0.8824323422955018	0.10363700615085539	0.4016841012449425	[11.567055212725467,-0.17776068157349145,-19.503074670061444]
0	149	1674	1679	5151	5156	-0.9537953803639232	0.26086804514766704	0.08582551617725484	[6.116001589303426,0.5102112485111774,-17.158043092712898]
0	150	1680	1705	5881	5906	-0.9517723787586302	0.08078834842152417	0.13894714490592014	[4.037147476652648,1.192042621755999,-14.422611394599102]
0	151	1706	1711	5119	5124	-0.9413439862291326	-0.28700666348589554	0.14422739306119386	[-5.959170006870904,1.839977849722965,-12.997445262004515]
0	152	1712	1721	5865	5874	-0.9495304132622775	-0.0661747968719644	-0.1134588763880145	[-8.514004232697056,1.1543685414811535,-15.079324724829103]
0	153	1727	1730	5860	5863	-0.15362296609583653	0.3965489330521645	-0.8936960675240232	[-13.558891681328664,1.156357859844497,-16.210079230945357]
0	154	1731	1736	5602	5607	0.11169218192814245	0.21175724209426794	-0.9563719572624667	[-13.625973744994162,1.7856789744459995,-17.659511573890132]
0	155	1737	1751	5839	5853	0.09488579882003187	-0.12361547179594058	-0.9570039853026506	[-15.69296188813832,1.913227591329613,-20.416173953456912]
0	156	1752	1757	5581	5586	0.09790964217539119	-0.40510304608097164	-0.9009929503612636	[-15.09822509290568,1.084161880550231,-26.237546918336534]
0	157	1758	1772	5818	5832	0.2651931200331515	-0.05335544084671399	-0.9298217856487275	[-12.380382510641446,0.4087121917370895,-28.062458976137457]
0	158	1773	1778	5560	5565	0.2603448837944244	0.12112128316230722	-0.9404249618831289	[-10.85842094531404,0.2091241097937599,-33.779325390934176]
0	159	1779	1788	5802	5811	-0.34630961027473484	-0.09546148680538123	-0.911276768800161	[-12.678102947728421,0.5274610931674284,-36.543661119763556]
0	160	1793	1803	5791	5801	-0.9825452613279119	-0.06424430312083731	0.017216993909936553	[-14.603434569009613,0.03432636131522345,-40.98453881630758]
0	161	1804	1807	3947	3950	-0.9127615146615874	-0.04933336201194352	0.4006722701613299	[-19.670179146101866,0.16141848627080396,-43.212369173446604]
0	162	1808	1835	5759	5786	-0.9462060057922985	-0.2150619243183081	0.13900328410837523	[-21.229375838143575,0.08008032548909744,-42.602329397797504]
0	163	1836	1839	3915	3918	-0.9399667812738585	-0.20208165272578768	0.25664632724442904	[-31.14929769398995,-1.769501524096259,-38.53811643303493]
0	164	1840	1855	5739	5754	-0.8954434448310089	-0.11443288734917742	0.39026322166343763	[-32.672773041915455,-2.106757459333756,-38.06924931898288]
0	165	1860	1870	5728	5738	-0.3303071296255786	-0.2108289454944082	0.8423266285172565	[-38.533189071250135,-2.8203082419367105,-35.51702385335277]
0	166	1871	1874	7484	7487	-0.18824005721244594	0.09496187551309794	0.968626253149595	[-42.189367370686924,-2.9883059264178486,-32.13254953064402]
0	167	1875	1902	5696	5723	-0.27024449656265537	0.06861884037228495	0.9235729545210454	[-42.53086562262558,-2.793405591394759,-30.55106297310525]
0	168	1903	1906	7452	7455	0.13051486624541006	0.37711097234929675	0.9049662992553862	[-43.31376420822647,-2.3414769085502716,-19.88996414891466]
0	169	1907	1922	5676	5691	0.03882674835987301	0.696486602932483	0.6979968606263934	[-43.065896181941014,-1.7993349629622495,-18.48481365923608]
0	170	1927	1941	5661	5675	0.9365898106324814	-0.15692468013199484	0.06800524689110797	[-41.93428051865151,1.723488585502991,-13.150855396094034]
0	171	1942	1947	6411	6416	0.9585544163554012	-0.030405491207879342	-0.17947235302687684	[-36.19892885110568,0.9207143005172349,-12.771890855339462]
0	172	1948	1973	5629	5654	0.9092607672271344	-0.1037299575372657	-0.20343226992433577	[-33.37990948231753,0.6933108348955812,-10.85961145299701]
0	173	1974	1979	6379	6384	0.9931959925272483	0.0433034541204261	-0.08269718784482646	[-23.592578891178256,-0.16656802220024386,-12.886772772245616]
0	174	1980	1989	5613	5622	0.9777018832904972	0.031483455169035196	-0.09931143726538479	[-21.369936941398826,1.1092042468596004,-15.19162035881644]
0	175	1994	1998	5608	5612	0.06488477162841337	0.17889742757456295	-0.972757833851699	[-16.40205405310321,1.5448167962183694,-16.201067013787124]
0	176	1999	2004	5854	5859	0.2167322794411728	0.05337204996571484	-0.9526026615005527	[-16.145137665536154,1.7996493029954097,-18.0755357749037]
0	177	2005	2019	5587	5601	0.10437335596813414	-0.1963813279705769	-0.9476983353872479	[-13.256539205507426,2.120723880180994,-19.987333229144248]
0	178	2020	2025	5833	5838	0.11577214169092764	-0.28463014243788354	-0.9398668413943592	[-12.654768979966883,0.985252432232021,-25.76583863191864]
0	179	2026	2040	5566	5580	0.2464940467372788	0.03307695383083654	-0.9370215776100759	[-14.840350644864316,0.11040097416115169,-28.386863712318466]
0	180	2041	2046	5812	5817	0.2665869613899835	0.07034513874587661	-0.9546283574987191	[-13.28101271988325,0.2888804113987497,-34.29364588361877]
0	181	2047	2056	5550	5559	0.06618142468051207	0.26984774799489963	-0.9123956330591712	[-10.29311938166698,0.6376881969247107,-36.051841738763706]
0	182	2061	2071	5539	5549	0.8534218467650009	-0.11319142221405665	-0.46407752307061373	[-9.824349982724016,2.44798772297746,-40.64942418042178]
0	183	2072	2075	3656	3659	0.8891610376434161	-0.14436395908872943	-0.42406213862324044	[-6.632742014896298,-0.07601530390555723,-43.832708540101734]
0	184	2076	2103	5507	5534	0.8583695210558304	-0.3010044809554596	-0.20138432859554758	[-5.240149330095334,-0.35795870823773446,-44.50080683611141]
0	185	2104	2107	3624	3627	0.903301377114223	-0.3916231134529153	-0.14864993600445534	[5.305067098193621,-2.7451055634083783,-44.90643465439308]
0	186	2108	2122	5488	5502	0.8972765104365731	-0.30133492273601886	0.16352470942595554	[6.761655464470424,-3.243586551442183,-45.12895731595354]
0	187	2128	2138	5476	5486	0.14260614540327513	-0.17109553168348757	0.9538619365900374	[12.649223826260151,-4.516330958013049,-42.526420576121836]
0	188	2139	2142	5976	5979	0.12801952361345056	0.30931970071801035	0.92661475665812	[15.350556288722498,-4.2916958029271,-38.841373378224574]
0	189	2143	2153	5461	5471	0.005285263534093873	0.2631024953620606	0.9358211441291703	[15.597214316108197,-3.7747729265588728,-37.28561413375299]
0	190	2154	2159	5959	5964	0.05494665378291763	0.29187769552717474	0.9490037489975881	[15.72283616659591,-2.726195630215323,-33.00736405287819]
0	191	2160	2174	5440	5454	0.07046214044809782	0.1925343248868972	0.9355813913161725	[14.114701135549142,-3.544324063468071,-30.14506243192428]
0	192	2175	2180	5938	5943	-0.2310100431545493	0.48538730966303395	0.8009850788546633	[14.403298532867304,-2.296360997178685,-24.48247814704012]
0	193	2181	2190	5424	5433	0.2358814251225399	0.2608405333263855	0.9227285345081663	[16.143443903421204,-0.034448873925626705,-22.543496078405717]
0	194	2195	2205	5413	5423	0.7329719754945343	0.6442188560643637	0.031037262724834303	[17.722734431117434,1.2437998112081359,-17.804572038749782]
0	195	2206	2209	6165	6168	0.94213242872787	0.2574319262793443	0.15408699601783574	[20.517745001319774,4.87481817901142,-15.388278175457835]
0	196	2210	2220	5398	5408	0.965322262522235	0.21232983622391668	0.10662125870792227	[22.012905098836008,5.436903269931392,-15.159968790816023]
0	197	2221	2226	6148	6153	0.9822187444116743	0.13229667884129617	0.00861306612068381	[26.322530754050938,6.449335096185885,-14.730131124437799]
0	198	2227	2241	5377	5391	0.936491930541169	-0.22483168465706502	-0.041696283535110026	[28.812567679344518,6.577271615163457,-17.287303424146266]
0	199	2242	2247	6127	6132	0.9724196251916455	-0.19327084823245802	-0.043350824109607264	[34.66555589475878,5.19008014474565,-17.513631288781383]
0	200	2248	2257	5361	5370	0.8787785831397967	-0.41238456032853055	0.15116239667653902	[36.933257759953634,4.875352179668815,-15.205609684379517]
0	201	2262	2272	5350	5360	0.3027002814494001	-0.5424308220449827	0.7686370252924603	[41.292404460503846,3.588234327934105,-13.635756539922076]
0	202	2273	2276	3299	3302	0.10055749100033351	-0.45090804776306675	0.8837666602253546	[44.96552875669956,1.514467802474437,-10.380620420446807]
0	203	2277	2308	5314	5345	-0.13602209481591485	-0.29937991103240624	0.8932155956564284	[45.07631617815353,0.5776133372180765,-9.045523712206116]
0	204	2309	2314	3261	3266	0.04778301709270811	-0.38223132415588995	0.9049068837651486	[43.652692100982705,-3.328896207513952,2.46363020581264]
0	205	2315	2324	5298	5307	-0.18346380238223525	0.37214454459284874	0.894768966936868	[41.41746704514567,-4.7679181810432105,4.80949021005843]
0	206	2329	2342	5284	5297	-0.8590656604730238	0.0612417346971835	0.3716957768919825	[39.143747324962575,-3.0466376073055748,7.33596421756149]
0	207	2343	2349	6789	6795	-0.9584039438622307	0.16264405352043562	0.08237409443383369	[34.117259972254374,-2.547903317736242,9.450696875683018]
0	208	2350	2375	5251	5276	-0.8972187454046179	0.3380027306050809	0.11972869068224602	[31.81323998989954,-1.7845625989251657,12.214775440331216]
0	209	2376	2381	6757	6762	-0.897320800278699	0.37417810366074294	-0.022073439911016412	[22.185332315648964,1.723245111116357,13.466674005344748]
0	210	2382	2391	5235	5244	-0.7570516121178196	0.5438418373483074	-0.15709269666607625	[20.08440889252465,1.905802395542337,10.876642453143326]
0	211	2396	2406	5224	5234	-0.39844170034439025	-0.2753864664702735	-0.8594412420882769	[15.773189729320876,4.919223244745925,9.667125155017796]
0	212	2407	2410	6228	6231	0.13284027026283743	0.15187166634899127	-0.9743276647139664	[11.77302848834842,3.8872986777730434,5.650192450330513]
0	213	2411	2427	5203	5219	0.0074732290882906435	0.10822498799644067	-0.9701699300711262	[11.997193908833225,3.8089296429389723,4.0700085422472085]
0	214	2428	2431	6207	6210	0.04098930979801566	0.312058077121248	-0.9407250052269687	[14.525234330874198,4.278648070982688,-2.6610599879028625]
0	215	2432	2442	5188	5198	-0.019346648559457193	-0.054336239904587094	-0.987052716229775	[14.607996826433943,4.780415590058254,-4.230964442062366]
0	216	2443	2448	6190	6195	0.09367133682179987	-0.21227437278510827	-0.9542664365417404	[14.54584272193031,4.54875463110937,-8.722610981079969]
0	217	2449	2457	5173	5181	0.06393927924574168	-0.6679780900155279	-0.7240541714441666	[12.564142173269556,3.0437534095546943,-10.77998496899964]
0	218	2463	2477	5157	5171	-0.9538124253331012	0.19313722411607	-0.1284215576073001	[12.210033845379241,-0.020793015663311862,-14.172507518325457]
0	219	2478	2483	5907	5912	-0.9745204694280657	0.0833669563112763	0.12610442899994095	[6.377383236288966,0.9788135810907612,-14.797717582465554]
0	220	2484	2509	5125	5150	-0.9341229978207772	0.020069277915777922	0.1435682960794135	[3.713853216128471,1.2997446306865146,-16.880951767649336]
0	221	2510	2515	5875	5880	-0.9653789774256587	-0.15749631404933723	0.15686179395124933	[-6.084868167785364,1.4192994280347042,-15.466225854023627]
0	222	2516	2525	5109	5118	-0.9249353821070443	-0.3320918081341798	0.08613916365191086	[-8.30241915872336,1.0456225080960295,-12.696423787182216]
0	223	2530	2540	5098	5108	-0.11085460771816114	0.12485475096797316	0.959992089747165	[-12.581310255420432,-0.6257284125225229,-11.094262597663732]
0	224	2541	2544	6354	6357	-0.04704481936022847	-0.013706506059675943	0.9910854297517724	[-15.457414388656172,-0.03931979698295662,-6.946675538909102]
0	225	2545	2561	5077	5093	0.156990441620445	-0.06407241546434132	0.9555322078841937	[-15.625720680121464,-0.04436918063523897,-5.315943740862399]
0	226	2562	2565	6333	6336	-0.11557741956157795	-0.07792482289947351	0.9765807559694414	[-12.340488389178617,0.11012216935922131,1.4009881187825397]
0	227	2566	2582	5056	5072	-0.11876075906713295	0.044848486197609505	0.9825449706529492	[-12.584000955925728,-0.1280638415034151,3.0578994949514096]
0	228	2583	2586	6312	6315	-0.2989857296300767	-0.02833915844674337	0.9507024390196097	[-15.511900419349288,-1.045346243995641,9.294486994506851]
0	229	2587	2592	5046	5051	-0.20325397529482409	-0.17161752765749205	0.9480161257682258	[-16.045804265394615,-1.0964607266514783,10.852084433257431]
0	230	2597	2607	5035	5045	-0.8135257666936665	-0.4384047105920388	0.2771462283611553	[-17.00572868955726,-1.9495720280956785,14.285335998411206]
0	231	2608	2611	6543	6546	-0.9346435865401198	-0.1746326591071848	0.10342179626001984	[-20.332817098671875,-3.78457228239831,17.906312072736647]
0	232	2612	2628	5014	5030	-0.9619080790227774	0.0918247675943139	0.1947220769316554	[-21.783381455627683,-3.983432771971854,18.190966598842984]
0	233	2629	2632	6522	6525	-0.9544149093261862	0.16850128205498674	0.13563882845691558	[-28.859506848904218,-3.9813596006093115,17.247165199860277]
0	234	2633	2649	4993	5009	-0.7475356133961689	0.6087257370669485	-0.1256974089580379	[-30.435497289957794,-3.7336033640449706,17.35389144129194]
0	235	2650	2653	6501	6504	-0.9146936409462212	0.4008457269750583	-0.0004416816446741421	[-35.27283678680446,1.0912867970694833,18.986878207897433]
0	236	2654	2659	4983	4988	-0.9562460332865041	0.2200500334116092	0.11112290958674113	[-36.82961469415427,1.7349303110653227,19.02853923059877]
0	237	2664	2674	4972	4982	0.11808448365713058	0.23156597849415478	0.9462895621752804	[-39.69165851088094,1.669232877202273,20.464433761534156]
0	238	2675	2678	7274	7277	0.04862961942737784	0.05360312733186164	0.9835381740849339	[-41.61603924270918,2.517742043508618,25.074677420849607]
0	239	2679	2710	4936	4967	0.19526872003537946	-0.2084353392250508	0.929326573463832	[-41.47999612454487,2.7943606793014997,26.693096141468303]
0	240	2711	2716	7236	7241	0.23691118423342114	-0.01661598060745222	0.9475783604006052	[-39.02275403051796,0.283890565135242,38.789878791964156]
0	241	2717	2726	4920	4929	0.4890857263182588	0.29346238513305856	0.7768357624418212	[-35.966352118768796,-0.24102709268991113,40.54335393919483]
0	242	2731	2741	4909	4919	0.8887751264067628	0.20480676066642783	0.3663845521815351	[-33.79224272502702,0.8039822627808274,43.62929039696179]
0	243	2742	2745	7131	7134	0.915188306176212	0.332020694591395	-0.11608826346650773	[-30.154939670405916,3.4737083190699454,47.08331761693972]
0	244	2746	2777	4873	4904	0.7338471376322653	0.572164992321467	-0.23898667280733024	[-28.76057842146083,4.066489744508757,46.904630845214086]
0	245	2778	2783	7093	7098	0.7183889483007249	0.45941446220859083	-0.5082588608650158	[-19.109610712107187,11.51236668146396,43.64874095006]
0	246	2784	2793	4857	4866	0.6639609811633449	0.2071964596668689	-0.666334627780479	[-17.02004450035855,10.879474787263558,41.09721569517259]
0	247	2798	2808	4846	4856	0.2052261471451058	-0.30636670397984644	-0.8467897003658871	[-14.445688446657098,11.684413742438036,38.38379883025978]
0	248	2809	2812	6606	6609	0.12246602590739143	-0.868876381015883	-0.42414691975507535	[-11.760485375951749,10.933815953846153,33.37089924293474]
0	249	2813	2829	4825	4841	-0.16341764885281015	-0.7193495256672958	-0.6415773963468608	[-11.583446304795643,9.714694088174976,32.61569208652412]
0	250	2830	2833	6585	6588	-0.03066454117834595	-0.7402790936193798	-0.6324541513730071	[-14.813237335341043,3.9496960499768785,29.053651799884406]
0	251	2834	2850	4804	4820	-0.03120668327169395	-0.6099510308549378	-0.7730605150921878	[-14.83047215793735,2.719308502218107,28.14778020393856]
0	252	2851	2854	6564	6567	-0.07726316267306031	-0.3453660317381333	-0.9187442448395	[-12.791498264806243,-0.6957924336797536,21.968166365425255]
0	253	2855	2860	4794	4799	0.031550041373178274	-0.39230556225097607	-0.8936631256203226	[-12.905777380888216,-1.2720979531523557,20.58249662891657]
0	254	2866	2879	4779	4792	0.8941483625610979	0.28565391610568697	-0.2520691161587209	[-12.478873719928597,-1.606694907995351,17.070317312324807]
0	255	2880	2885	6285	6290	0.9882826588677551	-0.0062485651335215334	-0.030748027414962777	[-7.463265801038119,-0.011808798411411532,15.78193073702846]
0	256	2886	2911	4747	4772	0.9334213089426429	0.21600822656897706	-0.13282158179842993	[-5.393232787723754,-0.6650921492930159,13.311422620710989]
0	257	2912	2917	6253	6258	0.9458377191558555	0.08453090945248462	-0.2754373815467772	[4.314196219951885,1.4399538139521315,11.802910139012475]
0	258	2918	2927	4731	4740	0.8840494637217522	0.3669226643778046	-0.006957888926653993	[7.252858589629696,1.924107770873079,13.690476860803425]
0	259	2932	2942	4720	4730	0.041317843331848396	-0.27797032153010914	0.9253755713068308	[11.731693147638378,4.087393921365582,14.37190381550478]
0	260	2943	2946	6732	6735	-0.046997219568768955	-0.23381392555962152	0.9666571257167274	[14.336071176344387,2.8479398450186335,18.652765296561633]
0	261	2947	2963	4699	4715	-0.13863598107931735	-0.34663182949948435	0.8995320209250596	[14.369165797444358,2.4272407392774555,20.24873249126491]
0	262	2964	2967	6711	6714	-0.11451251520171742	-0.2802194965411242	0.9374111644784112	[10.999981877624343,0.28215814856778754,26.3993987895082]
0	263	2968	2984	4678	4694	-0.1162439993228557	-0.24149994467760044	0.9371562805911118	[10.818064783200178,-0.10256418983690772,27.847448356140077]
0	264	2985	2988	6690	6693	-0.09225444082467348	-0.07176844889208976	0.9903572118964067	[12.607252987064292,-1.8491415154965598,34.46150587172389]
0	265	2989	2994	4668	4673	0.0019421027860097016	-0.03503458949383576	0.988490302265399	[12.448230223133843,-2.0482772418754274,36.06448555649206]
0	266	2999	3009	4657	4667	0.9812844151296096	0.03897952959973103	-0.10051619686536659	[13.234189173078732,-2.31729040753421,39.510227904407955]
0	267	3010	3013	6921	6924	0.9384396942924376	0.10792995071212497	-0.24268847813036354	[17.952113234500686,-1.8371478517712236,41.492136170600176]
0	268	3014	3030	4636	4652	0.9629736861285689	0.1682712614015474	-0.0068309502430175945	[19.525922784188907,-1.6817788383201155,41.15321578927221]
0	269	3031	3034	6900	6903	0.9635269948726837	0.24235070968755937	-0.034018377701164955	[25.74073024182259,-1.03665237542228,38.605218535108555]
0	270	3035	3051	4615	4631	0.9372059116382231	0.10587069481655138	-0.005636641883856628	[27.297639350587705,-0.6582332158000092,38.44427803231637]
0	271	3056	3060	4606	4610	0.9375400644552119	-0.23145351637734357	-0.12776296480804064	[35.6284312204826,-0.710356700297629,40.42305020084079]
0	272	3066	3070	4600	4604	0.7702136487945385	0.41537434719185473	0.45863866902035183	[38.2574100176774,-2.164007074790111,40.626174902927545]
0	273	3071	3076	3093	3098	0.6959263647034052	0.37753385714946597	0.6010843464207787	[39.79151924335093,-1.166081058511247,41.44263648047992]
0	274	3077	3080	4590	4593	0.7491889634444461	0.2516837002874219	0.6020615490291514	[42.790235353949186,-2.2747210730349448,42.78202260625618]
0	275	3088	3092	4578	4582	-0.6923606608151794	-0.5612427219504379	-0.45187163991189544	[42.66153911335111,0.6915216512988959,43.618162125055846]
0	276	3099	3103	4567	4571	-0.4587123853713329	-0.2877864638879535	-0.8216036565857859	[41.36308480475634,-2.984473694836701,40.66311638433613]
0	277	3106	3109	4557	4560	0.1620424237201731	-0.6921000914186651	0.6857421189202689	[40.89427513206848,-5.561835474994626,39.39521811767331]
0	278	3110	3114	3131	3135	0.4879238318489399	-0.5799590415385677	0.6413043740668816	[41.71969539433148,-8.175340054294082,38.76079049699827]
0	279	3116	3119	4547	4550	0.3530318505178571	-0.6126260718892965	0.6872775967892758	[43.03984475235117,-9.52345673305593,40.26555600618893]
0	280	3126	3129	4537	4540	-0.3457431517415257	0.7173276830035951	-0.5787444880780384	[42.27930822078056,-9.26252184954685,43.06112277961836]
0	281	3136	3141	4525	4530	-0.7169741281239176	0.32888695777998905	-0.5945481125996881	[41.5462321770097,-7.911199185646948,38.47211449936676]
0	282	3146	3156	4514	4524	-0.22364569097053782	0.18725564488271257	-0.9159013123550593	[39.84421922898038,-7.034035521556523,36.94210635062292]
0	283	3157	3160	6858	6861	0.022563340058430335	0.09043569832131167	-0.9894317278198551	[37.89590268899846,-3.9610550779525138,32.84635354065306]
0	284	3161	3182	4488	4509	0.02911171339231357	-0.003795134246856615	-0.9776436608916468	[37.83988560445904,-3.8553534075081233,31.27092173526245]
0	285	3184	3192	4478	4486	0.2504533450364915	0.11472081411093936	-0.9311386526098989	[38.25008965060337,-3.787138796375478,22.165596996454294]
0	286	3193	3198	6820	6825	0.4660352452466087	0.002260073504621191	-0.873234339792343	[39.129305014223974,-3.5180395205348782,18.690912326837292]
0	287	3199	3207	4463	4471	0.47431255565319674	-0.033240796990370705	-0.8631004132019753	[41.388704290027874,-5.545426187206628,17.07063577985749]
0	288	3214	3217	4457	4460	0.9715772210332321	-0.18509415578272423	-0.056038927083470184	[44.09321593325381,-5.596574155380619,12.394703956506616]
0	289	3218	3223	3240	3245	0.8404962464091813	-0.5236347438696491	-0.0623742180031059	[45.71206474030535,-5.913058044660199,12.323451984001265]
0	290	3224	3228	4446	4450	0.8954740147113271	-0.331813740717274	0.2699315035196649	[48.214271377803556,-7.312772174357246,10.16238870149872]
0	291	3235	3239	4435	4439	-0.5970632370997655	0.6908832680627759	-0.35865360715869604	[48.73316763586375,-8.37227581249374,12.913515710728559]
0	292	3246	3249	4425	4428	-0.7296280544398132	0.5197479528144573	-0.42128200636143714	[45.73765754961893,-6.011723953697022,9.808603823877586]
0	293	3251	3260	4410	4419	-0.1714714707437185	0.3243553818547774	-0.9163416264227064	[44.47336654474532,-5.69364762082891,7.972700456918803]
0	294	3267	3298	4372	4403	0.1071254919266388	0.4140538994000337	-0.8567812200106092	[41.53831508611394,-4.786950856705728,2.110283622047581]
0	295	3303	3313	4357	4367	-0.1792979675128167	0.06793141613791287	-0.9634273059139737	[44.91288601152765,1.5741528587412619,-10.778767087019105]
0	296	3314	3319	4347	4352	0.7971218328983062	-0.5842271040113763	-0.07057528194929975	[44.95563887123093,2.654762054349233,-15.357790122481607]
0	297	3321	3324	3341	3344	0.9751364370050496	0.10691882118429574	0.19043662788626903	[47.71735001260673,1.5178309115528534,-17.589818044717095]
0	298	3325	3329	4337	4341	0.9422137587092149	-0.2932880139566125	0.08141699277154148	[49.413236603868825,1.625267500266762,-17.286649983319464]
0	299	3336	3340	4326	4330	-0.9687778825264386	0.16013895837625688	-0.11722748429430555	[50.310920707399376,0.34833940868033453,-15.087128279034253]
0	300	3346	3351	4315	4320	-0.9648664709522746	0.058670208470269124	-0.19628778941602482	[46.75497226091488,1.744961894868895,-17.650508996491723]
0	301	3358	3366	4304	4312	0.06597903309856484	-0.10663830356355067	-0.9863780865440055	[43.6089019681142,1.5679593053674061,-19.401963225834876]
0	302	3367	3370	6102	6105	-0.012596453638410998	-0.17851140511425434	-0.9792115762032984	[41.374388306110745,1.659964390675591,-22.98532000649913]
0	303	3371	3402	4268	4299	-0.13876930137462715	-0.32185649799966004	-0.8964468126180359	[41.25367885375833,1.4036033706057398,-24.597618276361185]
0	304	3403	3408	6064	6069	-0.1775033084254925	-0.6696265559244521	-0.705993418441557	[39.436945242640775,-2.89378996286326,-35.81141269299516]
0	305	3409	3418	4252	4261	-0.03487237717388644	-0.55640804885434	-0.8192244413151302	[41.338352434510355,-5.331602450622267,-37.47147362259615]
0	306	3423	3427	4247	4251	0.7243566107162295	0.2510249092885768	-0.6234165288313677	[41.99082183808359,-9.025037854492108,-41.439985287390336]
0	307	3428	3433	3450	3455	0.7475608986799284	0.5344706022601933	-0.3681137428474871	[43.25796892791585,-8.505429884201963,-42.901474103290795]
0	308	3434	3438	4236	4240	0.7911036487640278	0.32581966041267324	-0.4958685014445877	[45.95210073014947,-9.285975734825588,-44.72759233549601]
0	309	3445	3449	4225	4229	-0.7323028613764162	-0.4316029520277606	0.5136396498093516	[46.32509047495917,-6.439716857563911,-44.79530342144781]
0	310	3456	3460	4214	4218	-0.6274927317024367	-0.6648698419803362	0.37594676393854365	[43.7689355885109,-10.517744951909563,-43.32768839896667]
0	311	3461	3466	4204	4209	0.030726653155258188	-0.8339873346606783	0.5366769997669842	[42.528855524677496,-12.21950862903655,-42.419656633626424]
0	312	3467	3471	3488	3492	-0.026405967454467997	-0.7555974005398933	0.644290517416678	[40.14552347532761,-13.8498261343818,-40.940479072787085]
0	313	3473	3476	4194	4197	-0.05604623147026231	-0.5271125031308714	0.8383316855823301	[40.05203780370453,-15.767790213729672,-39.329408952182405]
0	314	3483	3487	4183	4187	0.08705031422190518	0.5681879202355818	-0.8138091538977761	[42.3941323812453,-16.511646547644375,-38.179105399732975]
0	315	3493	3498	4172	4177	-0.23300071777506298	0.7711241553256701	-0.5781039986203361	[40.11247024087592,-13.616226357279785,-41.231872472894366]
0	316	3503	3513	4161	4171	-0.9396930965483923	0.08585364472920713	-0.21947495833362166	[39.283391971105914,-10.725117534327406,-42.26080696315722]
0	317	3514	3517	6039	6042	-0.9429551993884706	-0.13671058005878056	-0.2636599242439735	[34.3720932845026,-8.245094588343736,-42.20454008179989]
0	318	3518	3549	4125	4156	-0.9119187821784911	0.10468776541899655	-0.20136241685353878	[32.762435855836955,-8.446389474572065,-42.583368154764784]
0	319	3550	3555	6001	6006	-0.9786889974292071	-0.05351319507934014	0.08585910935338578	[20.92989730674249,-7.149236978560657,-45.171773847114295]
0	320	3556	3565	4109	4118	-0.9522969550521712	-0.03344984158584896	-0.25471746852981375	[18.561651273170618,-9.222700510132054,-46.58698075502809]
0	321	3570	3574	4104	4108	-0.5137288593185853	-0.441861613954388	-0.684440306521887	[14.694835592986472,-9.350224769359013,-47.96406176341904]
0	322	3575	3580	3597	3602	-0.365665976379708	-0.7359873069706488	-0.5551372896861838	[13.738851724492482,-10.358095996912265,-49.326709795535294]
0	323	3581	3585	4093	4097	-0.3219841249215701	-0.9302085985892388	-0.11699606526391682	[10.50536560729744,-11.458957087084777,-50.00544371211144]
0	324	3593	3596	4082	4085	0.29378659686225705	0.7866486909454903	0.5355066091769388	[12.4219017813912,-13.114347124051179,-51.41937880472716]
0	325	3603	3606	4072	4075	0.37352727352070025	0.9181484370701524	0.044176110663085875	[11.618493464391108,-8.991334385812745,-49.55765139416055]
0	326	3608	3623	4051	4066	-0.8381219891379245	0.3528847656983449	0.37261226233332206	[11.158374976452311,-6.543612011642809,-49.298749729789066]
0	327	3628	3655	4019	4046	-0.8685208060146176	0.4034176954479723	0.13746882984345724	[4.869263406342373,-2.650222745124225,-44.81411425123916]
0	328	3660	3670	4004	4014	-0.8999430926375027	0.28068569411499217	0.30362243612182077	[-7.002581127946138,-0.05897687065900317,-43.74133683314089]
0	329	3677	3681	3698	3702	0.6124618237692911	0.1729865142688008	-0.7636789787625488	[-13.999393968051123,2.1833823463362405,-46.61080746313401]
0	330	3682	3686	3984	3988	0.6065391376413752	0.1927951451790987	-0.7409492866623143	[-12.72434870142033,2.5655255676642232,-48.28112609888455]
0	331	3693	3697	3973	3977	-0.601366540678568	-0.012535556824349928	0.7967925360461504	[-10.000454117878892,1.7535768727313146,-48.198591061807676]
0	332	3703	3708	3962	3967	-0.6148267063973671	-0.7013200052177447	0.347782952968167	[-14.347583979253507,2.099333644476565,-46.356057792165544]
0	333	3713	3723	3951	3961	-0.8329769283176566	-0.07413109379791737	0.5053368281485171	[-15.905709820966607,0.4959919890095372,-45.40736877753045]
0	334	3724	3727	5787	5790	-0.9473263854752108	-0.19470947419704074	0.18671274238044208	[-18.872673958221856,-0.3258897044364494,-40.83544661021713]
0	335	3728	3755	3919	3946	-0.9594487609156233	-0.0911762999656969	0.16698934697467893	[-20.36543643080089,-0.627365298599132,-40.492633461904205]
0	336	3756	3759	5755	5758	-0.9384600653243759	0.030300850148641575	0.33469043329794124	[-31.89294924992833,-2.229445342999935,-41.030184675773945]
0	337	3760	3775	3899	3914	-0.9426136579699597	-0.2784372048513491	0.09541909483480361	[-33.4386043304112,-2.177784546502225,-40.50967945495119]
0	338	3780	3784	3894	3898	-0.06561267006992878	0.6897163271379262	-0.7170167203166912	[-39.51180085197308,-2.568581385424339,-40.3389733122018]
0	339	3785	3790	3807	3812	0.3481387597143089	0.4330315764532336	-0.8150083528817003	[-39.39894675707009,-1.2085289714638507,-41.674325910254]
0	340	3791	3795	3883	3887	0.6962017239813424	0.47770744953561467	-0.5216485284316907	[-38.484216205143646,1.7917791838320076,-42.5956407374907]
0	341	3802	3806	3872	3876	-0.35978051989160975	-0.306958782084928	0.8704167381329105	[-37.92183684385631,0.27468796493795344,-44.98093032112618]
0	342	3813	3817	3861	3865	-0.16128387562243385	-0.22831522014943065	0.9561762393289549	[-39.77209236514952,0.6944494485917216,-40.43699460655621]
0	343	3818	3823	3851	3856	-0.8181690488114473	0.5398857917747861	-0.16283211279652024	[-40.2674404290337,0.022788646548278182,-37.448460353274314]
0	344	3829	3834	3840	3845	-0.5885456614604498	0.7487970020888277	0.2563263342547134	[-44.78983116425118,1.6991728720886716,-35.954822593351324]
0	345	3846	3850	7505	7509	0.8368119587215845	-0.5038318961155862	0.1349334995381648	[-43.61149628541596,2.307004323948102,-38.07991003186733]
0	346	3866	3871	3888	3893	0.5762360473720485	0.29577431665637377	-0.7383040347746732	[-39.72618680324396,0.8947756478665322,-40.79574585176791]
0	347	3968	3972	3989	3993	0.49215719964165583	0.08432109757538367	-0.8557631184125253	[-12.106721567172421,1.4155779104032016,-45.14013106065683]
0	348	4015	4018	5535	5538	0.9067285399744068	-0.08325441492662898	-0.4003765114844355	[-6.052742841656549,1.9121527107910545,-42.68255636132919]
0	349	4047	4050	5503	5506	0.9220537806131889	-0.3308549938315532	-0.12966854805794012	[4.589208016003255,-3.819487397702563,-46.86714801280951]
0	350	4076	4081	4098	4103	-0.43747412327617774	-0.8312112554902269	-0.22011094958268904	[11.507946626005163,-9.38572941175864,-49.53908727622205]
0	351	4178	4182	4199	4203	0.016566605502786737	-0.6867326791186278	0.71796653246948	[42.516901476058464,-14.257149139586712,-41.01028616731777]
0	352	4219	4224	4241	4246	0.7039046849183503	0.4640960030737332	-0.5282131954112489	[44.13180695340981,-10.39206635261722,-43.50881190387304]
0	353	4321	4325	4342	4346	0.8441354594722987	-0.49757118265158506	-0.004284144346030052	[46.90004925498208,1.3404113816316632,-15.490576368023374]
0	354	4368	4371	5346	5349	0.18196620561546376	-0.4533970982236128	0.8592044842773688	[42.64751810007493,1.2700130272049042,-10.083766005082431]
0	355	4404	4409	5308	5313	-0.012978753187308581	-0.04161720181185852	0.9835849357132178	[41.4583738303145,-4.706244997646399,2.497808887400981]
0	356	4429	4434	4451	4456	0.910006862333919	-0.3825490555397185	0.08102284888564418	[46.01442720843594,-6.267049378762481,9.968613364787938]
0	357	4531	4535	4552	4556	0.3090471724106576	-0.6356545116752828	0.6761418806528284	[41.24835811925561,-6.597092963259998,40.55500777958174]
0	358	4572	4577	4594	4599	0.5627761518992903	0.3011551750193596	0.7663709493874373	[41.548448689992895,-2.9500599148932345,41.05363080167119]
0	359	6442	6447	7378	7383	-0.11336736245502428	0.01685415084242094	0.986039688432599	[-42.746949031349345,0.8938767508405386,-3.521753459280104]
0	360	6480	6483	7342	7345	0.19695795916408912	0.29697489941024674	0.9198508618707498	[-41.49032088472221,0.6503793447107398,11.239499687753986]
0	361	6631	6636	7025	7030	0.6814014690662501	-0.7162662809378016	-0.03867066743890098	[-7.288551707174754,11.653972844075362,38.15950336687674]
0	362	6669	6672	6989	6992	0.7691246441529104	-0.5986678007061434	0.14878440500360898	[4.780032629882538,2.100257265562888,38.20706767046181]
0	363	6942	6946	6963	6967	0.19332334608242616	-0.10357814826167483	0.9603019879848884	[10.183728099876994,-0.23094413091770497,45.47464946119466]
0	364	7050	7055	7072	7077	-0.1861489015655378	0.5308875510736335	0.820962658117606	[-10.163185647564731,15.819276802197813,44.06472205919539]
0	365	7152	7156	7173	7177	0.005285293387743563	0.31179318232293984	0.9177507674833265	[-36.995479430929265,3.8801589778038106,50.27156630218448]
0	366	7193	7198	7215	7220	-0.7709110411989392	-0.25621930833437184	0.5687645805616137	[-39.48820492765937,0.4114079538617567,48.079706335633446]
0	367	7295	7299	7316	7320	-0.94226511048249	0.10565244755786692	0.29009166697853395	[-46.689619060134895,3.1904075811940444,18.85730649318767]
0	368	7403	7408	7425	7430	-0.6355080544573937	0.7419464655142515	-0.17826558417366145	[-47.594631100281916,2.5233149452335697,-9.370334099844086]
