time	duplex	start1	end1	start2	end2	axisX	axisY	axisZ	hel_pos
0	0	0	21	3000	3021	-0.8278992743210115	-0.1809362026105056	-0.4610119021250513	[23.521152165370694,5.008300604770689,-16.714113142665184]
0	1	22	25	882	885	-0.6099373147722086	-0.5596727073919795	-0.5491755556722728	[14.995664763719876,2.6785349107169267,-18.51851138349806]
0	2	26	52	2969	2995	-0.6855715156101543	-0.24698551779901096	-0.6236244185916733	[13.968379251440108,1.6770845424911396,-19.475317902636498]
0	3	57	71	2950	2964	-0.7497608337952842	0.361286055490044	-0.5127316524490585	[5.6172281022101584,-0.8865423590047109,-28.642650081516337]
0	4	80	98	2926	2944	-0.8282633994927945	0.2532599694884997	0.4575709171707618	[0.21842964638438683,3.518885232714398,-29.343170351146348]
0	5	105	123	2901	2919	-0.7671532817442152	0.27483619069941917	0.5281862706809815	[-8.657671447626669,3.9444610719173157,-24.493262204759542]
0	6	124	129	2365	2370	-0.7132799509378185	0.17056669896011867	0.6670533800851585	[-14.629770262461637,6.036990774477788,-20.399093497244365]
0	7	130	150	2874	2894	-0.40199779304179356	-0.15108981367495533	0.8542375145460428	[-15.70304170486008,8.878047316398726,-18.537025282968777]
0	8	154	164	2863	2873	-0.053858223801776274	0.07618690919785333	0.9794688068288581	[-19.127413812689845,7.4984187878936375,-11.235763952559347]
0	9	165	168	1722	1725	-0.3152407774044937	0.16695246906167358	0.9166898340396634	[-20.28138854672806,5.446813629184437,-6.6133758241198315]
0	10	169	185	2842	2858	-0.270163741840871	0.2847451327690523	0.8958994319984452	[-20.751869483054133,5.817493979347504,-5.100208108501427]
0	11	186	189	1701	1704	0.37674140107177223	0.07198471737313565	0.9115689964386954	[-21.228564078722457,9.977080590729447,0.8871994278316728]
0	12	190	206	2821	2837	0.3419277560424792	-0.14912144949443953	0.8885801171089664	[-20.58782075336007,10.180996097841872,2.3967132091952]
0	13	212	232	2795	2815	0.2498088131105686	-0.58194499630614	0.7432632145622482	[-20.110156338887407,7.794450162337141,10.517313575410046]
0	14	234	248	2776	2790	0.6395383624197576	-0.7028773958344914	-0.2338234879695918	[-18.04809665432869,2.075000773710414,17.18563457819102]
0	15	254	270	2754	2770	0.6406065225487503	-0.5127693998342723	-0.5197875101855843	[-12.372360202830556,-4.418964549272053,16.75377302044468]
0	16	271	274	1844	1847	0.6238265118818167	-0.383776402514183	-0.629469782764525	[-8.779658464750916,-6.745709651965031,11.106705729043274]
0	17	275	283	2741	2749	0.42367547975212455	-0.30529328618911816	-0.7986699242897606	[-7.842279330278556,-7.331557680723828,10.07045668187245]
0	18	287	291	1827	1831	0.22916501114436202	-0.6470424907592239	-0.7206784960466811	[-5.120611386189066,-9.455044179196953,6.663326607672556]
0	19	292	300	2724	2732	0.8458114358409831	-0.31424184767421176	-0.3801052314344538	[-2.9459942527101823,-11.128552972271411,7.141302484024566]
0	20	305	319	2708	2722	0.7442996554506891	-0.17645151416822166	0.5421098178282613	[0.6488434459479009,-12.608558213903727,5.792181782252408]
0	21	320	325	2018	2023	0.6328220045038819	0.1678122272857802	0.7425872778459659	[5.160776706645807,-13.471725964200868,9.156920282573422]
0	22	327	340	2687	2700	0.270080364119964	0.6005751381575561	0.7240369764593916	[8.40756919727306,-12.904662464943245,10.50068546864034]
0	23	341	346	1997	2002	0.18853492538940844	0.7954409779494624	0.5616127868803062	[9.89115801091591,-9.686477722715939,14.619239670904804]
0	24	347	357	2670	2680	0.22340933900447082	0.714186606744515	0.6275944794006398	[7.8062120682948475,-7.365555051157935,16.32488676887442]
0	25	358	361	1982	1985	0.20253881871698357	0.6983663582156158	0.6725684301978089	[11.108735912406289,-4.0052676869421635,18.13003467435407]
0	26	362	383	2644	2665	0.2728136172115079	0.8466811355667087	0.3366432370741685	[11.454915293723516,-2.900589212764122,19.178641785583487]
0	27	386	400	2624	2638	0.47848001248774785	0.11474540199089078	-0.8514140873311323	[14.821394878154248,5.500940607317128,22.453787681160815]
0	28	401	404	1563	1566	0.38131862013032936	0.17797015123329907	-0.9024850341585293	[17.956817622992798,8.574793873394803,17.96258861059709]
0	29	405	431	2593	2619	-0.0111390825686733	0.29801821488043806	-0.9058616370216677	[18.521090823804624,8.859234536735656,16.464545308505073]
0	30	432	435	1532	1535	-0.1377658134132043	0.18897974616537494	-0.9616343675065876	[20.02110077269868,10.348951494883021,6.040149228065654]
0	31	436	456	2568	2588	0.1250437282270489	-0.2721005634761825	-0.9208108344900594	[19.989939416046063,10.521472577809963,4.44479767677387]
0	32	459	467	2554	2562	-0.4664553359016002	-0.8533130151673958	-0.15774584472395112	[21.544416746030336,7.5186961834211825,-4.507039424009403]
0	33	468	473	2095	2100	-0.43653542047889504	-0.814123709986011	0.36254522541268897	[19.8243196423742,4.292499682753758,-4.985439369059178]
0	34	474	487	2534	2547	-0.47606788568171576	-0.7030420452108326	0.3666863332004098	[16.683930722948602,3.294395417535815,-4.599078738936933]
0	35	489	494	2074	2079	-0.5803771778634012	-0.7329269809456339	0.28413194842927003	[13.761300938768517,-0.867152263605691,-2.227083212808467]
0	36	495	505	2516	2526	-0.5845030956854624	-0.6205247636224454	0.4588115800167574	[14.425107158553258,-3.597084129650743,-0.7024432394548099]
0	37	506	509	2059	2062	-0.4907071371436513	-0.7613179757922279	0.3947775758230318	[9.894955959064443,-5.792533715801168,0.160883761961228]
0	38	514	525	2496	2507	-0.29832577159558665	-0.7274894986970715	-0.5894555303071468	[8.523371925955384,-8.389301437388449,0.5184937179936764]
0	39	530	545	2479	2494	-0.34470351750237627	-0.1503412747165056	-0.9025141641191633	[6.653058581746716,-12.009970588136305,-2.6772741827195397]
0	40	546	551	2242	2247	-0.055357696657101677	0.5488397146058022	-0.8225405092267332	[4.566597779398092,-12.664802974253778,-8.357544087309197]
0	41	552	566	2458	2472	-0.13796893204549496	0.48795484570229614	-0.8269498223477391	[1.901316119216454,-11.024064347879865,-9.692135906453327]
0	42	567	572	2221	2226	0.06487536730699554	0.5029463595815862	-0.8541818612375481	[1.1109293775775766,-8.154662581503736,-14.712913264622099]
0	43	573	587	2437	2451	-0.38349216518216134	0.3625703640485033	-0.8240308281618889	[2.9435302519505546,-8.33390226959488,-17.79100838940579]
0	44	588	593	2200	2205	-0.4354728712055942	0.14786081257550449	-0.8792668410753166	[0.6194883674453097,-6.1533310327542114,-23.068152278000916]
0	45	595	607	2417	2429	-0.07260612001629281	0.5624454788620048	-0.7956061356056163	[-1.2175053053085825,-3.9952052203535646,-24.896705755795605]
0	46	610	625	2396	2411	-0.6633662674711055	0.547357445724686	0.4302595291081212	[-2.381582514138924,0.2624162668351512,-28.183416633238835]
0	47	626	629	2922	2925	-0.7705391903435223	0.3476507737718788	0.5034595126150961	[-6.181519232506126,5.478161479127249,-25.83157175953387]
0	48	630	650	2371	2391	-0.7723024556449537	0.2783857193846603	0.5306046576778749	[-7.469607946689441,6.047513973297576,-24.846275563903546]
0	49	651	656	2895	2900	-0.7391998995177274	0.21256165513098657	0.6130803409670633	[-14.092696698593013,8.455393492943355,-20.110450832875998]
0	50	657	682	2339	2364	-0.22448392671559037	-0.4776338108950338	0.6046634263848503	[-16.39522523165219,6.4359799283090195,-18.842291877372247]
0	51	683	703	2315	2335	0.656995025999745	-0.5901132054260044	0.4209487252070366	[-18.52450597150682,1.300304047123199,-12.64984679780528]
0	52	704	709	1255	1260	0.6503851599706301	-0.6974534389071821	0.2802378372507122	[-13.092192841998841,-3.681075514678735,-9.230944665140079]
0	53	710	734	2284	2308	0.6844994308055069	-0.5427745557189168	0.39174775719520016	[-13.063430005907563,-5.673515875357024,-6.611594570011408]
0	54	735	740	1224	1229	0.6640488190104283	-0.5406401317513075	0.4996485788038337	[-5.941505777935086,-11.252499450430221,-2.637557643561789]
0	55	741	756	2262	2277	0.9097156562345601	-0.2649200775877933	0.13486116086513106	[-3.5861990246780864,-13.085449364388623,-3.798934885922919]
0	56	758	767	2248	2257	0.011467891793412895	0.4728668931866829	-0.8439103693957786	[2.3423121650830536,-13.838348788730855,-4.222195030686345]
0	57	768	773	2473	2478	-0.1520311628118787	0.40292399698153575	-0.8811921981822218	[2.265201095693734,-12.04898548336816,-7.6468439372503205]
0	58	774	788	2227	2241	-0.2688433417307869	0.32407606207709166	-0.8745215454934858	[4.496129707282067,-11.332685808957152,-10.291696845037531]
0	59	789	794	2452	2457	-0.09422021790111991	0.3473650779221636	-0.9236592614318389	[3.032521889315893,-9.316620788568887,-15.48841912997002]
0	60	795	808	2207	2220	-0.25733840866473745	0.49843364995454287	-0.8076984004204015	[0.8879103527282051,-7.0483789354923525,-16.985939186737923]
0	61	810	815	2431	2436	-0.06729614706569412	0.11827533744026408	-0.9803018712464959	[-0.8123547809632485,-4.471975902644395,-21.97827931890569]
0	62	817	822	2193	2198	-0.23271054348704281	0.09396195158522233	-0.9446845695213248	[-0.06360869813261649,-5.611011485860702,-25.65261841553133]
0	63	831	850	2168	2187	0.7718729551330434	0.42453287038773446	0.3303615057189153	[0.15164228460169957,-5.847455059168657,-30.55320602803706]
0	64	856	881	2137	2162	0.6494222877660049	0.3541594717008807	0.5671070614639233	[7.995424519139345,-0.28575165262126423,-27.286010569163434]
0	65	886	902	2116	2132	0.44156351620785234	0.22527792202292884	0.8241093218216482	[15.26237687660288,2.8602912187256244,-18.253122035958967]
0	66	906	918	2103	2115	0.09108568255002213	-0.056515659245078766	0.9796119085928415	[17.91232647101751,4.554493034386255,-12.332526668426134]
0	67	922	926	2548	2552	-0.40654696370217835	-0.8327076712295959	0.34975453012934193	[17.55735460774701,5.007869743362319,-5.363991317564538]
0	68	927	941	2080	2094	-0.5248588172777264	-0.6152334387968155	0.5022852700176593	[18.88616057884539,2.2881812578414635,-4.123475705908252]
0	69	942	947	2527	2532	-0.5796123752449593	-0.7076008008847614	0.365284069881314	[15.704680371221674,-1.573584762142648,-1.2508632911809792]
0	70	948	958	2063	2073	-0.5519684517155571	-0.6934810526020344	0.3424394870306126	[12.36054454579683,-2.6593630174466805,-1.4342817113784032]
0	71	959	962	2512	2515	-0.5922046741122671	-0.6688298223628287	0.430297406087864	[11.711461230915944,-6.66836997579186,1.2173965022946942]
0	72	963	982	2039	2058	-0.5429772481724381	-0.7586151940096155	0.2633124861059283	[10.858041072928021,-7.836467649717143,1.899417623827567]
0	73	987	994	2024	2031	0.3174042526211913	0.09991010363931863	0.913574282707123	[6.063704512867178,-14.536053535334528,5.327928856235435]
0	74	995	1000	2702	2707	0.4217331824108032	0.4932638729751476	0.7241219850997686	[7.051833918845813,-14.32476942285446,8.352889101201253]
0	75	1002	1015	2003	2016	0.1629532779504371	0.5148712364105313	0.7228895303107057	[6.565799227652358,-12.460270003255388,11.336364657007735]
0	76	1016	1021	2681	2686	0.16251931015416615	0.8611251094751555	0.46988614207367546	[7.438396518228926,-9.349819188590008,15.24433898913512]
0	77	1022	1032	1986	1996	0.18610537631293464	0.8553753847022791	0.43365953149692527	[10.313159243641627,-7.8165359220671995,16.034625906760162]
0	78	1033	1036	2666	2669	0.3498968722590512	0.6341423849241397	0.6868122756429385	[8.831641290864242,-4.20472286771784,19.023814335936223]
0	79	1037	1053	1965	1981	0.1290155556115615	0.7285937997132388	0.6107717879813731	[9.36257354851309,-3.033782883012446,19.943675402283443]
0	80	1057	1078	1943	1964	-0.7489662365479197	0.6007364122378759	0.1753436645181484	[10.039093186929811,2.2103168463076246,24.276212893957158]
0	81	1079	1082	1412	1415	-0.9753863374358068	0.08714419966665447	0.09544112038497533	[3.3709372981872616,9.3543891988895,24.20540455122619]
0	82	1083	1095	1926	1938	-0.9760501823616837	0.1167322715084873	0.007301255107708306	[1.8198145090531843,9.492702111936953,24.32663392749964]
0	83	1097	1103	1918	1924	-0.9488161458537611	-0.20538840754780044	-0.1117521257746475	[-3.7058325778994554,9.983450410923542,24.368990954434373]
0	84	1104	1109	1385	1390	-0.8614056767994607	-0.2956118809570477	-0.36574028855370455	[-6.483189823231303,9.466899031138656,24.09463554960611]
0	85	1110	1130	1891	1911	-0.7773102725046783	-0.5575229195439213	-0.09180207924099124	[-8.647678703790191,6.684509737865056,24.504862852270648]
0	86	1135	1155	1869	1889	0.262250376421781	-0.5391254182320097	-0.7274513999170533	[-15.706522890808055,1.3435634809525068,23.65656926785497]
0	87	1156	1159	2771	2774	0.4006185203429842	-0.7128976823086548	-0.5609983994021445	[-13.957131602427186,-2.3231842030302348,15.597640149175488]
0	88	1160	1176	1848	1864	0.6486629703410509	-0.47610948549401716	-0.5273648320957203	[-13.34568511017639,-3.4999468671258906,14.612339515935023]
0	89	1177	1180	2750	2753	0.5931880097650581	-0.46039568387303104	-0.6363224200589473	[-7.9779605841282955,-7.779644860371697,13.078728242311284]
0	90	1181	1191	1833	1843	0.5432946425759964	-0.3752506172834521	-0.728454072746948	[-6.794913480950544,-8.519283238511939,12.10259562842452]
0	91	1192	1197	2733	2738	0.49208304925260576	-0.4350645874364318	-0.7279695178733414	[-4.346039810489499,-10.105232615803683,8.933494829279747]
0	92	1198	1212	1812	1826	0.6616812769083635	-0.42009105034827904	-0.5625419342510837	[-4.602907935206947,-10.732954784404772,5.30834049106231]
0	93	1214	1223	1798	1807	-0.7578052621442182	0.2475655127675703	-0.5908254919622817	[-1.5961278165208583,-13.285478078096341,0.6476026026808914]
0	94	1230	1254	1767	1791	-0.6641655475651748	0.5886600160816869	-0.37315284013030464	[-5.141886454165696,-11.173750935058296,-5.024845192271643]
0	95	1261	1267	1754	1760	-0.8257025812649615	0.4520180226022237	-0.1412329232748998	[-15.10339743387495,-4.216075846738571,-7.704843696800331]
0	96	1269	1286	1735	1752	-0.3509134520681975	0.9098227233471629	-0.10379135426908367	[-17.55287974371093,-2.5817575669785526,-8.164429022837961]
0	97	1287	1292	1726	1731	0.027847471975938703	0.5774644228773536	0.803847808314868	[-20.258581233041603,4.075501655858924,-8.731530806424637]
0	98	1293	1296	2859	2862	-0.21615860936723963	0.09812068365832281	0.9519196639181834	[-19.398471342600658,7.81847645817595,-6.9678342368715995]
0	99	1297	1313	1705	1721	-0.24044077878098513	0.28676627395793064	0.9005136525870074	[-19.699547954095443,8.091600737666106,-5.41445144822617]
0	100	1318	1334	1684	1700	0.2936391438417588	0.03224781981158951	0.9167934163189928	[-22.58512150937753,8.012477162897484,2.5556564158388095]
0	101	1335	1338	2817	2820	0.30499137838761975	-0.2866359111914027	0.899490615972864	[-18.273333644603245,8.965841013559961,8.553107787301771]
0	102	1339	1355	1663	1679	0.3056145746589248	-0.2750047152653146	0.8855461462482522	[-17.747423676478036,8.433277596271118,10.034018784371113]
0	103	1359	1384	1637	1662	0.6329473856067749	0.2462915747976469	0.6760902437186372	[-15.272891439948081,6.218406489555404,16.170955421694746]
0	104	1391	1411	1610	1630	0.9615617822479867	0.0029365625484620446	0.006868576363881072	[-6.362812644771816,7.64894901660182,25.67673881609631]
0	105	1416	1432	1589	1605	0.9626059948059008	-0.07282510793622758	-0.17373383497956094	[3.7954015527974665,9.326138343230635,24.079104263768812]
0	106	1437	1457	1567	1587	0.8059945265060611	-0.056978373528214867	-0.4968720036528797	[11.014950294554968,8.973786546715683,22.436169688761723]
0	107	1458	1461	2620	2623	0.4146981946074974	0.22509895381015502	-0.8789989231110343	[17.743863205780702,6.2967915943302675,17.27049021167846]
0	108	1462	1487	1537	1562	0.13479723983510636	0.328641614251635	-0.8934414726107822	[18.531172370748962,6.624876410777089,15.795707579142075]
0	109	1489	1492	2589	2592	-0.11986225765244611	0.1369440420566219	-0.9668173148447744	[18.49398294314514,12.027316832172538,6.214320884361779]
0	110	1493	1509	1515	1531	-0.16108944961050328	0.15256062806558063	-0.9410172044659559	[18.242952747190916,12.22312047263604,4.689925512955405]
0	111	1606	1609	1939	1942	-0.9828066946705203	0.09204846589308656	0.03959722393746255	[3.158330237425364,7.554535093022416,25.75412723377278]
0	112	1631	1636	1912	1917	-0.856158220632399	-0.3338411020354283	-0.3551896544518244	[-6.711940221271195,7.502986213466993,25.43843489535907]
0	113	1761	1766	2309	2314	0.6792569093339599	-0.5844710711560062	0.3859755764545964	[-14.744267814445596,-4.399219682072101,-7.55235642986318]
0	114	1792	1797	2278	2283	0.6227594746972059	-0.6026032295549185	0.46817003016748987	[-5.069912194313481,-11.605972680955901,-4.867808188853097]
0	115	2133	2136	2996	2999	-0.8507701936138057	-0.08894951096085778	-0.4570514307437969	[16.081300144454055,3.3926367366933,-20.676326679656057]
