t = 0
b = 97.0 97.0 97.0
E = 0.0 0.0 0.0
20.921537019194535 2.0412264599594026 -16.311396949209588 -0.2470247750608011 0.952934405441976 0.17576910829582154 -0.9316053154428414 -0.15995077201462862 -0.3263851816038349 0 0 0 0 0 0
16.878993989291498 0.35289520986045453 -18.719000126783936 -0.6694444366205071 -0.19755280039429418 0.7161124474090811 -0.7363767927372551 -0.07518268759823052 -0.6723814264266234 0 0 0 0 0 0
11.365502555169828 -0.018071117924252977 -21.20134323917994 0.3950090969687544 0.12064608696388208 -0.9107207777426803 -0.9088231037375153 0.1991658108206335 -0.36656997410190206 0 0 0 0 0 0
2.2032189562504714 1.7707419042913433 -23.32964706955956 -0.001836592604580518 0.8763123251325381 -0.4817399046668333 -0.9980080854761811 0.04796142388764814 0.040982473605637476 0 0 0 0 0 0
-5.951848575156052 3.1203031756476105 -23.14515284203402 -0.10324367995723047 0.5601429579049785 -0.8219371078484963 -0.8808469825661338 0.3386972140878576 0.3307458094568414 0 0 0 0 0 0
-14.87378748661188 3.2343185863572437 -19.408959314889216 0.13417984744727127 0.9850922019754467 -0.10765278512975311 -0.650680056122002 0.1920829317378429 0.7346561181260683 0 0 0 0 0 0
-17.792040564357126 4.765140714421518 -16.25892548400438 -0.439598372273462 0.6969740375507116 -0.5665513763770961 -0.5655187912066444 0.2902028002250338 0.7719914711534868 0 0 0 0 0 0
-19.4869027250691 7.32117326847246 -11.437792741832455 0.39987754973128237 0.9135412024481014 0.07443397510937429 -0.24799159051720104 0.015058685427019925 0.9686451398866145 0 0 0 0 0 0
-20.400434940299725 9.577314048011594 -5.884852228850376 -0.32915894485904 -0.8457211793247917 0.4200119949010586 -0.19906706353131526 0.4769693868370396 0.8560797324065778 0 0 0 0 0 0
-22.029878032384705 8.966399602235704 -2.3583379096817385 0.66663566642464 -0.6499745624092504 0.3648697801565368 -0.041618658137830326 0.4331514800794094 0.9003597517658279 0 0 0 0 0 0
-21.441605876045752 10.583766695220246 1.56268604919269 0.8216152747800833 -0.5592369476795381 0.1104643680021833 0.09770630178540464 0.3087792998160731 0.9461019092024469 0 0 0 0 0 0
-18.233010852023185 12.811546372484917 3.9348104754221342 -0.48670427179798553 0.8735364899836029 -0.007276845519832481 0.5081049666209402 0.2844181012123158 0.8129795117946788 0 0 0 0 0 0
-16.260453189180556 13.909883815711762 7.4699551553364225 -0.5854268938524324 0.7672881649770573 0.26180951823880094 0.6141044661446714 0.2162646173341295 0.7590160208786707 0 0 0 0 0 0
-13.506077022213972 11.297820572315473 15.960602417657087 0.7358488428671939 0.6763209901657392 0.03341255321351902 0.5784609390945564 -0.6790210719528396 0.45201031601707997 0 0 0 0 0 0
-10.742678723498154 5.703899286865279 18.297385795718547 0.824026169122622 0.15310707395472284 -0.5454714442627762 0.03966919334874465 -0.9658827431490322 -0.2559235854429221 0 0 0 0 0 0
-7.329701166371779 -2.03346343532734 16.421279467314033 -0.7676789824124385 -0.48848322403528543 0.41479286372633756 0.33088832712917904 -0.8487651818132428 -0.41244464005631887 0 0 0 0 0 0
-8.585202556179173 -4.983722577131913 13.136543960961628 0.5915662202383303 0.5450475885866184 -0.5941149158612731 0.13006999444704298 -0.7870571398599702 -0.6030114883980151 0 0 0 0 0 0
-6.945270688220809 -6.415496310882565 11.252534759262442 -0.8714637668389883 -0.3479569910362134 -0.345654213739433 0.44951323667663007 -0.7557856778080494 -0.47615738918211414 0 0 0 0 0 0
-5.599083675329472 -9.284756502420903 8.84697981126242 -0.9024517959294565 -0.42855599216492285 -0.043823710514254835 0.3832504959449098 -0.7944468826126491 -0.4711403273601448 0 0 0 0 0 0
-3.157158549152291 -11.984295343799271 9.463104380503037 -0.4883985503141598 0.03276850958869027 -0.8720052068825982 0.557705824020306 -0.7457875561518551 -0.36436950331068485 0 0 0 0 0 0
0.6747324172547784 -13.241691381427756 9.493793731594916 0.14218823162506858 0.8300790637189213 -0.5392135520949515 0.9046411573051729 0.1502095166435153 0.3988251216000303 0 0 0 0 0 0
3.3811138361334327 -11.426451581154529 11.42554112439995 0.2172426226572955 0.6132715226547637 -0.759410088425014 0.740660538288473 0.42561618644768767 0.519877705673129 0 0 0 0 0 0
8.061079486140015 -9.47027588853553 11.720556525545827 0.15433193360345057 -0.5716401563187986 0.8058592842140863 0.463351334282351 0.7589282396210385 0.4575297456171309 0 0 0 0 0 0
10.390728356508916 -6.975879993787254 13.625115927434017 -0.15147774131645378 -0.44412578525539376 0.8830666910018435 0.46078817466926547 0.7592100475653759 0.4596459091091164 0 0 0 0 0 0
9.956598439519277 -3.542513129299875 16.763285179124754 0.7474284739464331 -0.10636262622282114 -0.6557725734407399 0.5855978815638018 0.6022662302197289 0.5425407902129609 0 0 0 0 0 0
13.774657509506266 -2.7281557915987578 16.7267697538951 -0.04082847353530876 0.35785954558376193 -0.9328824049060847 0.6577499482660524 0.7054421148896525 0.2640386867412042 0 0 0 0 0 0
16.884559956470422 1.2938846061584457 16.675936389442935 -0.8161064320263726 0.5588317590666868 0.1472323220750676 0.529482576215913 0.8181740382936128 -0.22414157255199588 0 0 0 0 0 0
20.09602488264015 6.049283096560117 12.795237054498976 -0.741910892391983 0.6162398986551875 -0.26422833885784386 0.2895103822875095 -0.04423440750119001 -0.9561522136881548 0 0 0 0 0 0
20.51145531520301 8.230247311373565 8.956772560901397 0.9402254826424914 0.27796074131017395 0.1967584002780893 0.22193128734404372 -0.054520548190636765 -0.9735368578142319 0 0 0 0 0 0
22.839147385743146 7.442888525882543 3.276381969894642 -0.9791393475376375 -0.09327461746585963 -0.18051588251499343 0.20659115479734405 -0.40061558744281583 -0.8926518054971644 0 0 0 0 0 0
23.455032342761896 3.6193033875014193 -1.6377032403605 -0.8812776711580876 -0.4665050557169963 0.07564852482804776 0.12586173697919756 -0.3891635868882926 -0.9125297396823939 0 0 0 0 0 0
22.722618076616392 0.8203681243890414 -5.650444800820979 -0.6171327519937806 0.6953468111578652 -0.36829333231701467 -0.3234354604743997 -0.6917813727719077 -0.6456222077914668 0 0 0 0 0 0
19.842022217684132 -3.5544534495609117 -9.023785870551022 0.17012586611223518 -0.08776804616881081 0.9815059652143084 -0.3900903574867032 -0.920666969290079 0.014207204303345497 0 0 0 0 0 0
18.460764928198294 -5.459246607312898 -7.523606696957522 0.4460967444339917 -0.6358427605470366 -0.6298425822896685 -0.6845268427969745 -0.6750735759224521 0.27513391027221534 0 0 0 0 0 0
14.878260686164085 -8.520414892270544 -8.634233329769165 -0.1981798085602619 0.5384711357983398 0.8190076918998159 -0.5163079219747404 -0.746478575760062 0.4197569125545817 0 0 0 0 0 0
12.111547258569829 -11.04164342364616 -6.3058710318525115 -0.20883159580615104 0.8186058836265635 0.5350455792594024 -0.5972909160969554 -0.5405904433474176 0.5924572002343311 0 0 0 0 0 0
11.188503272460428 -12.261852795022628 -1.9531207233569887 -0.5107902555680315 -0.3440324264116824 -0.787867377414521 -0.7901516673811169 -0.20811298995810756 0.576497463954125 0 0 0 0 0 0
7.453371469073187 -12.924892069514721 -2.580107537713031 0.08888503980041124 -0.9092966509739879 -0.4065452622121785 -0.8490964086812182 -0.30405325477604983 0.43195706618221685 0 0 0 0 0 0
3.567723370804789 -14.989448973583137 -1.1350778863850761 0.4809883601182883 -0.8160024802642609 0.3206090292448018 -0.8764351625474993 -0.4764223308597111 0.06987967164017216 0 0 0 0 0 0
-0.4230138812120717 -17.18650635423838 -2.9925559716309458 -0.4528855351983539 0.8493183174650529 0.27120672489160746 -0.5865257033195987 -0.01951403114214283 -0.8096954995144987 0 0 0 0 0 0
-1.9385299053144638 -16.182828330825842 -6.693548889150998 -0.10008776158508276 0.9547828835101693 0.2799501479494057 -0.3039848428651997 0.2676030802628378 -0.9143204070467097 0 0 0 0 0 0
-4.764052289957402 -13.432590072988614 -9.760595776024974 -0.2813986093169137 -0.8333106181151498 -0.4758237451105756 0.11168699329481915 0.45968961184410323 -0.8810286466916843 0 0 0 0 0 0
-5.028348978034222 -11.782190230505897 -13.25873665895017 0.03435533449023649 -0.8674544857159101 -0.49632894959231416 0.10586610975952919 0.493707104631667 -0.8631602757545088 0 0 0 0 0 0
-2.855602522975592 -10.828666463622481 -17.825460275725728 0.22479059997019257 0.8643807632333306 0.44979448898047425 -0.22758666863966998 0.5049288684868133 -0.8326170464421945 0 0 0 0 0 0
-2.9176162034740813 -8.066264326571078 -20.764604983830765 -0.08033652767300359 0.642386768299238 0.7621583052329127 -0.14562797647770237 0.7281811305647998 -0.6697348233117193 0 0 0 0 0 0
-5.357620989554863 -4.050235174704992 -22.420254970492238 -0.27747679523663327 -0.48886998353436195 -0.8270506437361137 0.11532329198696917 0.8199083798240395 -0.5607591167512185 0 0 0 0 0 0
-7.949865581665495 0.6054853639725073 -24.000628583108636 0.46699779659401836 0.06421694217712709 0.8819236034451915 -0.7915341972480363 0.5088426171514103 0.3384565046758742 0 0 0 0 0 0
-9.61688064632083 4.3567655110852455 -21.823264761364094 -0.3513171533023633 0.416358640410077 -0.838583174378902 -0.7290533467058943 0.4457172172559693 0.5194394862720103 0 0 0 0 0 0
-13.32750514310743 6.791089785846119 -19.512719947892982 -0.5994123024840602 -0.7465023486702115 -0.28885833043313 -0.7674731519335907 0.43027051538305316 0.47523914469782624 0 0 0 0 0 0
-17.234433419923405 7.598419114778595 -16.38121520986066 0.4906776236333751 -0.7281853980082152 0.47852011012403745 -0.6822820948917888 0.023828513034026808 0.7307005850255351 0 0 0 0 0 0
-22.024120697855775 5.297981803239169 -12.101485810875952 0.8085193468917546 -0.5413761697757897 0.23066926214956726 -0.49167827432635025 -0.38208463059633624 0.7824728810748163 0 0 0 0 0 0
-21.197495315730567 -0.4014401343490186 -5.779427356859966 0.08579136223664109 0.5243703765849219 0.8471573350480822 0.5787371023109387 -0.7056313586845302 0.4088370727438524 0 0 0 0 0 0
-18.457177301877653 -3.662055839608962 -3.3290964521564863 -0.8286116597527186 -0.33920076612719646 0.4453600314134264 0.5710256455556842 -0.6856026330332904 0.4515293364727628 0 0 0 0 0 0
-14.450881338037174 -6.759500263117122 0.6851426673878686 -0.6419182922710158 -0.6612934597950487 0.388113212967759 0.757185184104363 -0.5450124147215207 0.36004453165165407 0 0 0 0 0 0
-10.550220661391979 -10.937293519543012 2.0751083314973933 0.4239823585772068 0.4691494837094605 -0.774685563019252 0.7645779828802329 -0.6435647873169721 0.035282752450094365 0 0 0 0 0 0
-7.249132164066553 -13.975935970365914 -0.2523767493745889 -0.2776787700368897 -0.8005888350920676 0.5309915421141155 0.9299443570957345 -0.3675948266876724 -0.00880545843559545 0 0 0 0 0 0
-3.5448179017179764 -15.468159188186428 -2.9764841775589126 -0.9783666141903375 -0.10781921916238602 -0.1765609929088212 0.18381892127550528 -0.06414754258459233 -0.9808647699665166 0 0 0 0 0 0
-4.20642907891751 -14.719792402761001 -5.960470035130311 0.058066882438321504 -0.9756978235714568 -0.21128652167570114 0.03166141066509301 0.24460007830384506 -0.9691069893300993 0 0 0 0 0 0
-2.341915437679601 -14.88823122386281 -10.667569984321219 0.1843986415252308 0.9696642100498798 0.16046326916771933 -0.2792063821214602 0.24897640304656757 -0.927391258805386 0 0 0 0 0 0
-2.7720416415065245 -13.126002884195731 -14.259595820192317 -0.041412296023931365 0.8668594116908487 0.4968297314986513 -0.2369333770244413 0.4721205060828322 -0.8490964624751915 0 0 0 0 0 0
-5.5705216536120155 -9.767660108293473 -16.320211219535253 0.26713560177399054 -0.620925558074247 -0.7369464170447081 0.10193692144575052 0.7555206697411634 -0.6471455644907309 0 0 0 0 0 0
-5.23428094728216 -6.923262817520631 -19.54381076445369 0.03946505899276086 -0.7003602064663506 -0.7126977552350706 0.18179056261163049 0.6892381959860466 -0.7013578976095207 0 0 0 0 0 0
-2.2187972544745214 -5.491978122043064 -21.43373667211382 -0.7592677814777254 -0.05068080182189298 -0.648801889899053 0.4201332789057208 0.7122838814930509 -0.5622630168534306 0 0 0 0 0 0
1.4825733906672187 -0.6330365663553235 -23.64443779592144 0.34769931513309854 -0.7115991275151579 -0.6105177048830281 0.9032325899605418 0.42691724639839806 0.04373274700703456 0 0 0 0 0 0
11.000807241317926 2.7927732344552165 -20.601204524531344 0.46629348600100895 0.27558693711218646 -0.8406082470486181 0.8883522429653862 -0.15620660490539734 0.43177516024233803 0 0 0 0 0 0
16.164004375864852 0.15914153139736292 -17.966214340236192 0.6811358118505579 0.17247067147684259 -0.7115531415818557 0.7520393161625605 -0.22906514618442544 0.6180340004799543 0 0 0 0 0 0
18.91052362009495 -0.3084611997189645 -15.59816286326321 0.7172597540434251 -0.24720953001364876 -0.6514797721341747 0.5337444274030174 -0.4320824231587279 0.7269261763160735 0 0 0 0 0 0
20.01672741399251 -3.7663072914521196 -12.415753782232846 -0.16796921572314535 0.6377476251152598 0.7517075955643905 -0.3214412231638269 -0.7348455567006683 0.5972248720944462 0 0 0 0 0 0
17.60106967114194 -6.497161029740642 -9.625550080315385 -0.7128535980015696 0.6986630291364683 0.06090746698124153 -0.5702878791424685 -0.5895160682487178 0.5720511691970905 0 0 0 0 0 0
15.98475016207763 -8.068259310844644 -5.709217147522459 0.34584663901128826 -0.8986391457700642 -0.2698847679552235 -0.8326025312512191 -0.43158317855642825 0.3471440406246272 0 0 0 0 0 0
13.238509435234446 -10.261322649651952 -3.913934330604401 0.2102064033896843 -0.8053712992831296 -0.5542475424077017 -0.8039591295478216 -0.460913150651135 0.37577757460172245 0 0 0 0 0 0
9.16174420507055 -12.238170758058029 -4.754813751718068 0.3531906804842394 0.24274558490815737 0.9035103343220134 -0.655911610470234 -0.6155969238790009 0.436829928646213 0 0 0 0 0 0
8.805053111882495 -13.803002435621554 -1.2728259557609942 -0.1660772905245361 0.8848371230011616 0.4352948418383291 -0.6645460208952928 -0.4430354360577637 0.6017459501395419 0 0 0 0 0 0
5.7058224127845385 -14.78722520797413 2.0836052287512103 -0.5356327230588351 0.7847496297196338 -0.3118743411110872 -0.4833432069389097 -0.0054829219825204365 0.8754137775204043 0 0 0 0 0 0
3.4043381570826754 -12.918245207334058 8.087649391633686 0.9291640487231417 -0.07385906528271194 -0.3622140376020556 0.370363252330142 0.24467150649123673 0.8960842121334067 0 0 0 0 0 0
5.448690205586303 -11.619652011996962 9.510061153345344 -0.2594161762286146 -0.6424274219457752 0.721103498149211 0.4873283666391886 0.5802717541636979 0.6525302708599543 0 0 0 0 0 0
5.8978188126657844 -9.057208529900908 13.792490770929888 0.06420152719479652 0.7771797392605072 -0.6259950613134467 0.7546209898810592 0.40280998674748747 0.5179684123645182 0 0 0 0 0 0
8.374244818307423 -6.4746661884813 15.577903230747706 0.1251083300153623 0.4502764659314516 -0.8840808843024769 0.714328607191636 0.5801533273479408 0.3913524724781621 0 0 0 0 0 0
12.785984364549043 -4.98455129922542 15.151003755079662 -0.6184158513917228 0.26668699981106103 0.7392157187717436 0.524039232262705 0.8407082865859953 0.13635417087553534 0 0 0 0 0 0
12.007559450296103 -1.5511650329821094 16.776152116090703 0.07510703395829149 -0.23100067816160194 0.9700503183540884 0.3986918839629357 0.8928440869127064 0.20946173427884313 0 0 0 0 0 0
13.624504086321835 2.1396653113755115 17.771684273502842 0.36668722587612884 -0.222573199111014 0.9033280962179566 0.12719763684714105 0.9696359302815624 0.2088705912461399 0 0 0 0 0 0
13.530024603893885 9.014344044922709 19.308273937424705 -0.4954137359650109 -0.4004568069893854 0.7708434185702415 -0.5296966487293762 0.845447777870202 0.06811398695719871 0 0 0 0 0 0
10.397026300046354 13.645925237267479 19.331749630188042 -0.5000855125501504 -0.5106330475519687 -0.6994057269462713 -0.815641161767771 0.5538822321425215 0.16716449427716035 0 0 0 0 0 0
6.990458039598602 14.485449803729889 19.86885015211643 -0.07326487968699584 0.24898773931325152 -0.9657315170771461 -0.8851615942223503 0.4314581423235954 0.17416320948012923 0 0 0 0 0 0
2.9746427289958204 15.364366396247815 20.331562712207994 -0.22070502999396452 0.015771377230083698 -0.9752130810215938 -0.9423956501591804 0.25661701163972767 0.21456502021101104 0 0 0 0 0 0
0.5829721652998243 15.409340709856956 19.585175785138922 0.005874942328265807 0.4174890375246595 0.9086629675514311 -0.9859869733750332 -0.14943261205916658 0.07415917197431571 0 0 0 0 0 0
-4.451940022750101 12.54063004509867 20.766293939936883 0.19592194729123377 -0.6037454525747941 0.772726354581535 -0.8115402330663238 -0.5495791058115747 -0.19840679567496372 0 0 0 0 0 0
-8.502460049237806 5.839525391364348 19.90482286438757 0.18859212300015155 -0.3389185472737746 0.9217197130669008 0.012501376305603877 -0.926856415659463 -0.37520780954207 0 0 0 0 0 0
-10.046231565923067 1.9912960946606773 17.314177329499447 0.611718295680477 0.308208936084354 -0.7285656994722736 -0.06820879991031166 -0.87949993928126 -0.47098557984194683 0 0 0 0 0 0
-9.70454952834648 -1.677248649451968 15.02238731149796 0.820464964916303 0.3605080220090047 -0.44370170994942604 0.03349233389073624 -0.7942194772356749 -0.6067072486381243 0 0 0 0 0 0
-6.724108582184256 -5.082156331670028 14.111700937696593 -0.5236470029161405 -0.6467567258875259 0.554526423046 0.4014686180788068 -0.7702795659649885 -0.4954718346734576 0 0 0 0 0 0
-6.620041570163567 -7.895132114244916 12.49754125636934 0.8201119966030378 -0.19534317038969332 0.5378265136732125 0.29796460385355494 -0.6653124693178087 -0.6845264151372349 0 0 0 0 0 0
-5.39197963187355 -10.51221041039993 10.982558789702326 0.5924634613804562 0.7100221437094685 -0.380599004690369 0.2688841524629323 -0.6407994657166781 -0.7190809115054511 0 0 0 0 0 0
-4.940630865504931 -11.69070079402685 6.033071602989597 -0.8084956018378363 -0.5772431687664535 0.11456520379826704 0.2934804618376004 -0.5913466292524041 -0.7511180883132881 0 0 0 0 0 0
-7.177480419430253 -12.365030058045704 1.9017360795094995 -0.2921316485022931 0.42112412284967343 0.858669653066548 -0.8921724780554967 0.2125970159470939 -0.3985357928852882 0 0 0 0 0 0
-10.101561728699473 -10.432101055531193 1.2538585009072296 -0.41948193708816517 -0.4783001094507581 0.7715334793488572 -0.8806323454893495 0.4049217107805729 -0.24601845503226125 0 0 0 0 0 0
-14.761587715745748 -8.161674541370452 -1.8045684494398626 -0.7183224828119652 -0.5858338359869734 0.3752486206498861 -0.6960846785620166 0.6013702750832818 -0.3921988175880596 0 0 0 0 0 0
-19.33381548248591 -4.029781346441719 -2.8563790084651437 0.8243640083306555 0.34503116652515176 -0.44875101770949527 -0.4983920621215024 0.8498597669522345 -0.17130011363151565 0 0 0 0 0 0
-20.78783234006942 -1.4147547329568635 -1.2504505302518238 0.5897963451364003 0.1965678094326656 -0.7832632811249277 -0.4621508955225984 0.8801231017143097 -0.10862723229670819 0 0 0 0 0 0
-21.89601199218025 3.2053719254150796 -2.808995293869819 -0.5346288826454716 -0.28983607705699754 -0.7938305904142677 -0.001604418256556115 0.9253564788379331 -0.3790947281547449 0 0 0 0 0 0
-21.609476133467002 7.176237218706611 -3.5316339517258286 -0.7379740791257976 0.6301163026771361 -0.241552693296777 0.34152224894524663 0.6600691871025879 0.6690823728907448 0 0 0 0 0 0
-20.185786089184 9.783313174564316 -3.078494637016474 -0.6329745744923626 0.7388668349015953 -0.2311254817814582 0.3122219919814301 0.5018394159284042 0.8066440530641665 0 0 0 0 0 0
-19.11948450406048 11.7595437899109 0.4098623398852941 -0.7713288877674217 0.6364321646905443 0.0024179832051187413 0.4024795400625582 0.46220892203092245 0.7901728495880154 0 0 0 0 0 0
-18.606357420288695 13.08887265845593 8.84330595555011 0.6974773942506025 -0.6959068549317539 -0.17099395828035746 0.31699410941485745 0.08383249549039413 0.9447152202098442 0 0 0 0 0 0
-14.571116219515885 14.04764413336586 10.841913033948396 -0.24339304753292548 0.9337828115681212 0.2623156214040063 0.7056298776912517 -0.0031879021499027697 0.7085734351422665 0 0 0 0 0 0
-11.841012311144617 14.298920750654371 14.062395884757581 -0.40790732302913835 0.8240034414527286 0.39323014163878883 0.7962158265298052 0.13148536196099678 0.5905522476237348 0 0 0 0 0 0
-5.619572610815087 15.172583461599466 18.74144806198201 -0.17639675739613425 0.904707273802483 0.38780011953196786 0.9709912048504875 0.11544873825145682 0.20939834989594638 0 0 0 0 0 0
0.5832290778201757 15.871204430503855 20.584859362557935 0.0022618494885340767 -0.41697558216941705 -0.9089148738530837 0.9804854379626892 -0.17732061481151037 0.08488642710104949 0 0 0 0 0 0
5.451013255118595 14.105155359731198 21.66110997447232 -0.04096737232357811 -0.8604928433628782 0.5078127026041889 0.9981182829791964 -0.061224093833153255 -0.0033916835008743545 0 0 0 0 0 0
9.838955859165585 13.073623823769124 18.573095806488805 0.5048335525879858 0.53526769042162 0.6772234371107502 0.8686964960586487 -0.30186137785135514 -0.3927417806868877 0 0 0 0 0 0
13.067349780051106 11.485560651244345 17.417910767028665 0.6023784816251923 0.6745691721954837 0.426727778329965 0.7590212179698571 -0.29968605611428917 -0.5779922650366679 0 0 0 0 0 0
18.698364862889683 9.058250920336993 12.988776263449672 0.42915804747240904 0.9023373590916682 -0.04013303722799062 0.44126409817439816 -0.2587199347258861 -0.8592729432710938 0 0 0 0 0 0
21.271978719010885 6.439509446836599 9.63588458054723 -0.8909708475933465 -0.2761796079286147 -0.36041056158663026 0.4258486021126446 -0.31584735920504114 -0.8478758244943113 0 0 0 0 0 0
22.047025209700493 4.3186450430651 4.3001978468777455 0.7940244569109299 0.5993325737685693 -0.1016150965518667 0.048418799476667475 -0.2062172124146036 -0.9773075673303612 0 0 0 0 0 0
22.20039949021394 5.173806390971187 -1.9724169211944402 0.8958054037810822 0.3687848437368391 -0.24805325554527077 -0.1649598255868972 -0.20652142348628322 -0.9644361863718821 0 0 0 0 0 0
21.860121782741075 4.369248839323507 -5.802800752798115 0.9768375593672063 0.05727339714186097 -0.20617502416478653 -0.1673723914120459 -0.025250350185819365 -0.9855703437139869 0 0 0 0 0 0
22.77735977816531 4.417101402113792 -5.9974602375235575 -0.9790343309401951 -0.033337466976944494 0.20094873011802206 0.13745809453596083 0.3646754174177007 0.9209327403115651 0 0 0 0 0 0
22.53582441901484 3.130599841848889 -1.5522440507754194 0.8842262285174776 0.4587176404554964 -0.08787549793144604 0.03414751438370479 0.10895570492369658 0.9934599144535199 0 0 0 0 0 0
22.88700285466532 4.934674659915501 4.196522176713755 -0.8120536316036927 -0.5763814081635164 0.09139678179616627 -0.23436330001343486 0.44985468217293345 0.8618031147158276 0 0 0 0 0 0
21.51690370402772 8.517684160436675 9.162883690938484 -0.9438485280373959 -0.2660148844647306 -0.19592354979648782 -0.2854921181395268 0.35893753883822405 0.8886270835918546 0 0 0 0 0 0
19.166476698335213 10.01225305053838 12.943573618862064 -0.4454133257013967 -0.8946153531981941 0.035641816868559544 -0.6716399143368804 0.3700301323953848 0.6418547550567822 0 0 0 0 0 0
13.730889446404642 12.2122513272787 17.88654911537939 -0.6079465727233209 -0.6681225083750119 -0.4289676893620896 -0.7992964891127302 0.5160062696455281 0.30799781197042575 0 0 0 0 0 0
9.75961773320756 11.88694285612512 20.349531048557388 0.4063224999934793 0.5016429115638118 0.7637122594778945 -0.9159428171800408 0.2748843401888318 0.292382207350654 0 0 0 0 0 0
5.400077652918965 13.158678213251012 22.209824062521243 0.042556125954005944 0.8627133502970525 -0.5038994456863609 -0.9236318041777295 0.23589512339336513 0.3020890283850464 0 0 0 0 0 0
0.46164887459373266 14.128098503944454 22.180679306730053 0.1262998608484684 -0.40587023676322775 -0.9051616960849697 -0.9855848292369267 0.06004224642309338 -0.1581691279058171 0 0 0 0 0 0
-5.80995207239314 16.156510666555274 19.17239373179038 0.17431646825941158 -0.9031762753482585 -0.3922835511994 -0.8690749052576121 0.039687445400706386 -0.49308591110377353 0 0 0 0 0 0
-12.289203614237099 15.201863786797514 14.496832518497854 0.41148421336981883 -0.8229942300545611 -0.39161363541674804 -0.5888827394701224 0.07212148502778289 -0.8049941680233165 0 0 0 0 0 0
-17.836454498693005 12.311832675149843 8.64587612911571 -0.6910233894395953 0.6986960494759635 0.1852309523111494 -0.5286906327461107 -0.3207996981480874 -0.7858586186551708 0 0 0 0 0 0
-18.786572420247314 13.782087026409199 3.9317388224190113 0.5077096389269262 -0.8615244537311134 0.002556983378257619 -0.23764786410073968 -0.1341978760277408 -0.9620366015687758 0 0 0 0 0 0
-19.970681943521928 12.4669593567316 0.40574941420564153 0.7625357398711466 -0.6468110845729057 0.013216137589495148 -0.19452517375847736 -0.2248753770427318 -0.9547727591286439 0 0 0 0 0 0
-21.290795666986014 8.253618259493095 -1.9614229308003588 -0.678539602166131 0.6450419652903572 -0.3514325985257806 -0.2187871682148037 -0.616116032765615 -0.7566592424557483 0 0 0 0 0 0
-22.402960361952243 7.857433852285517 -3.7845424627247115 0.7196703664161583 -0.6504096525236891 0.24298528269515882 -0.1321988105322321 -0.4704215883089646 -0.8724832398084986 0 0 0 0 0 0
-22.438806682877413 2.911752307490515 -3.604193778184859 0.5383715312294608 0.3031299125009651 0.7863004200105725 0.2662824019255944 -0.9406052863066365 0.2106071646377362 0 0 0 0 0 0
-20.18331258028839 -1.2018547980473213 -2.076887264801053 -0.5710136981513001 -0.2028659780777987 0.7954802018039884 0.6536641960732265 -0.7000379521820229 0.2875238847065443 0 0 0 0 0 0
-19.46051451099092 -3.259510907644469 -0.7777768102594278 0.8002670482936048 0.4452002149638735 -0.4017081278883486 0.5616921887384503 -0.8107533239199652 0.16486640914066458 0 0 0 0 0 0
-15.517743274093204 -8.782408037670443 -1.406704810633119 0.7146211608177889 0.5915081354454576 -0.37340959041416444 0.6581546073575472 -0.7474886684897804 0.08996223259461794 0 0 0 0 0 0
-10.513925357931749 -11.683567990272625 -0.5796890948213583 -0.45382922294889083 -0.4378636263399877 0.7760892224003639 0.8537089204556113 -0.4488416167881828 0.26404977215192715 0 0 0 0 0 0
-7.477959737451277 -11.90832777520855 2.8215840185390255 0.26354475209178546 -0.4297524695173093 -0.8636301167679677 0.7362093369559868 -0.5014740642752187 0.4544442485477399 0 0 0 0 0 0
-5.768805243750356 -12.292857631446372 6.161511190379372 0.8006214900338002 0.5842490399610099 -0.13288449495970503 -0.09696967313720421 0.3857986279791971 0.9174727795095791 0 0 0 0 0 0
-6.549765420217954 -9.734291019971119 8.801531776757042 0.9041769963417337 0.42517049445186605 0.04115835193489219 -0.2936704332674283 0.6171530578957616 0.7299861503853562 0 0 0 0 0 0
-5.750132246055302 -8.119565429114092 13.068834309294568 -0.809376038883389 0.22057391942661703 -0.5442954838598381 -0.119900048905361 0.8522431231651062 0.5092206175031386 0 0 0 0 0 0
-7.947434734202736 -4.399229994881493 12.502722524873063 -0.5916803571761836 -0.5494950085071316 0.5898894731707044 -0.37553768455325026 0.8349252309455071 0.4023323330419459 0 0 0 0 0 0
-8.832947341814162 -1.2943930041307157 14.549113998239577 -0.8148196910513049 -0.3659117984847373 0.44964144249025895 -0.23332931509308913 0.9085449892824725 0.3465594222754617 0 0 0 0 0 0
-8.316460729116965 5.479206433088169 20.864719061648533 -0.17733159270524568 0.346251935182286 -0.9212291265538356 0.30697575659632703 0.8995630306872101 0.31072856109948116 0 0 0 0 0 0
-4.239523382819641 11.889937955935197 21.6082146722172 -0.19335332385978132 0.5935204176505914 -0.7812477238265991 0.9476502244375652 0.31845572427786906 -0.0233453164058699 0 0 0 0 0 0
0.6024094407064107 13.68105571436797 21.170096145675515 -0.12136140382981744 0.400374901906374 0.9082793334563533 0.968699862270616 0.24802479359336468 0.010211689373373026 0 0 0 0 0 0
2.725291214774337 15.379676391127752 19.260112155046254 0.22802693573614327 -0.018038931807012052 0.9734877058895232 0.9716439969760426 0.08745755094002637 -0.21967958467730392 0 0 0 0 0 0
6.9088836716245785 14.76495369752088 18.823098877570704 0.0759888533292147 -0.25965306080824613 0.9627076306868145 0.9907787276825426 -0.0960306727403657 -0.09558045126904871 0 0 0 0 0 0
10.206071640492844 12.45949195316746 21.18441475879472 -0.4018982768655583 -0.5233260498122421 -0.7514037667196044 0.8428367063434699 -0.5335793669491415 -0.07013804678093757 0 0 0 0 0 0
12.99976044690843 8.58326938170281 20.15524322002516 0.4727462867108689 0.40166890475669437 -0.7843296751702324 0.276874190124367 -0.9214486325868979 -0.2725309163135662 0 0 0 0 0 0
14.015978905191323 1.9125692580500624 18.74184012722774 -0.37369167579455553 0.20840860854798304 -0.9038364804127736 -0.4263149175675201 -0.9026328141378619 -0.059241825604570655 0 0 0 0 0 0
13.736489655592775 -2.3378739752663256 15.715790707324265 0.04222925662127822 -0.36279640042454686 0.9309110922769188 -0.36983762211315974 -0.8623527293530633 -0.3457859214123764 0 0 0 0 0 0
12.117953838358298 -4.686395135225948 15.960904184558409 0.6085679836617249 -0.2666807221328122 -0.7473462395065785 -0.6817331951083745 -0.6498604877440831 -0.33603749367644914 0 0 0 0 0 0
10.231005851293983 -7.457154009654079 14.578119399981972 0.14671510166154741 0.44926994717476254 -0.8812668117602228 -0.7404975118090942 -0.5468282576906722 -0.3906946270369279 0 0 0 0 0 0
5.953680491839723 -8.214250102941806 13.123031704662559 -0.03345680553868914 -0.7891312278803595 0.613312764702629 -0.4819329615364791 -0.5497796726306787 -0.6822630959877445 0 0 0 0 0 0
3.625982921244407 -10.76957967113377 10.619540431979463 -0.2413056503028559 -0.611405167296796 0.7536280943109094 -0.47958839535688447 -0.6196395215870328 -0.6213226491336057 0 0 0 0 0 0
4.411398489868465 -12.983369596368917 7.6890396746048415 -0.9255726239551857 0.06297205832883074 0.37329591164991716 -0.3361713304151366 -0.5617474812161009 -0.7559289675321904 0 0 0 0 0 0
5.137873873082733 -13.979284608570163 1.7622581620648188 0.5549925810032186 -0.7680046318532678 0.31961245357981993 0.6850359090320091 0.2220315208815949 -0.6938499888821035 0 0 0 0 0 0
7.553789385178229 -13.878272940492757 -2.9994185921625616 -0.10157632476089537 0.9115259052226775 0.3985006579116873 0.6416218605550787 0.3879836175206709 -0.6616570868610211 0 0 0 0 0 0
9.531833868838376 -11.970863499251609 -3.794823277206753 -0.34448332144257315 -0.2608340616637516 -0.9018297142608924 0.8283027508183162 0.35829282156623565 -0.43074447994247805 0 0 0 0 0 0
11.898786899449336 -10.177516597965242 -5.737308819848145 0.20131418556115405 -0.8208286492748806 -0.5345212130696256 0.816963363834725 0.44166431544467427 -0.37081463646226 0 0 0 0 0 0
16.352363332827196 -9.02199725161394 -5.990952322195232 -0.35365898417206826 0.8960248700536395 0.26844879429742097 0.6393781556616164 0.44920200888395045 -0.6240297503143367 0 0 0 0 0 0
18.934444012241578 -6.136523668848481 -8.194930429546254 -0.44101823966785186 0.6353329572732951 0.6339202991564781 0.4543684300606524 0.7375033645829702 -0.49963798593883624 0 0 0 0 0 0
19.85745325657596 -3.124980088364172 -11.663227899574062 0.15583473160001743 -0.6428473306856706 -0.7499752301626093 0.6235865340317636 0.6397135408253922 -0.44933998292928656 0 0 0 0 0 0
19.643465317873076 -0.5564648177852064 -16.25514478508768 -0.7230360063138318 0.23988930490021318 0.6478210053465672 -0.6523666265046416 0.1184300214197144 -0.7485934241291994 0 0 0 0 0 0
16.416684833134315 2.155069379736617 -17.955644755540114 0.4374728309583005 0.3286441800361715 -0.837024805547412 -0.9030792664514387 0.18574559408573438 -0.38722914764163735 0 0 0 0 0 0
11.486632773784406 3.0924933661929748 -21.485866239781075 -0.4578204103166293 -0.2868486919215428 0.8414976529024979 -0.8513235898533825 -0.14760424046941592 -0.5034492363233822 0 0 0 0 0 0
1.8399577584656992 -1.3655117577468414 -24.297056983211906 -0.3303763685637497 0.6978062284941112 0.6355453741232435 -0.7726385599015362 -0.6004636816896018 0.20608984139216785 0 0 0 0 0 0
-3.0459323394022424 -5.54244827299751 -22.144827120200162 0.7583405937173656 0.03981277082026774 0.650641596579873 -0.210092066245869 -0.9160674604714429 0.3415870775745809 0 0 0 0 0 0
-3.0013261618361065 -7.3708025681281075 -19.938357392218325 0.07127980253665912 -0.6450137855522433 -0.7608392775073456 -0.20963953819811942 -0.7309046497496895 0.6494841468414475 0 0 0 0 0 0
-5.2855896610584345 -10.443544655430655 -17.128520330660816 -0.25859569174708436 0.6237753816848672 0.7375856163278574 0.20834215383275662 -0.6844513320754445 0.6986557957653237 0 0 0 0 0 0
-4.985794006546039 -12.715028850245126 -13.797703109781441 -0.044024189359129454 0.8623396497518038 0.5044127270571271 0.23790843070487958 -0.4830041077409076 0.8426782366389625 0 0 0 0 0 0
-2.136124602185689 -13.853793431519446 -10.501204706468238 -0.201523616879278 -0.9664589439588371 -0.15920220313131128 -0.04745222548008264 -0.19761707461129863 0.9791301129671479 0 0 0 0 0 0
-2.047842217147492 -15.160847315634774 -6.393568192990578 0.11067680374520364 -0.9537473960834499 -0.2794933802020799 -0.0353251225129023 -0.30998873707388813 0.9500837429441598 0 0 0 0 0 0
-4.594132668413335 -15.579979813724181 -3.1673907646091264 0.9791906021816605 0.09844835066228735 0.1774646073192969 -0.1422450617961435 -0.2789409116056445 0.9497148573267785 0 0 0 0 0 0
-7.527276559743045 -14.777091557434595 0.275529278040241 0.27893750433081993 0.806346381893667 -0.5215355990579035 -0.8149179753113082 0.500340801820025 0.29251970112902204 0 0 0 0 0 0
-10.99684472196102 -12.141708309380713 0.24411796574475628 0.4578670982741431 0.4254038017521586 -0.7806339255840898 -0.7292638884650069 0.6812971392591202 -0.06331183947917689 0 0 0 0 0 0
-15.132102582512315 -7.455618561433057 1.094040763698629 0.6466093071374172 0.6566652656162365 -0.3881844057357625 -0.7195006973175069 0.6923272062444064 -0.0547885576871354 0 0 0 0 0 0
-18.616667396858666 -2.7982393689489533 -1.2076999911392423 -0.8017741157280195 -0.4286025557621054 0.41648303271891374 -0.6100451556263816 0.6514113629718744 -0.45111876960276087 0 0 0 0 0 0
-21.09600205465639 0.1699765752657887 -4.8691931911311785 -0.09450951725579387 -0.5342167434506323 -0.8400478689724046 -0.2778296252672126 0.8115615652280085 -0.5139830008556171 0 0 0 0 0 0
-21.17117674207114 4.738263661494471 -11.83915097367289 -0.8139226274978917 0.5231626142720113 -0.2526476508400637 0.3614676071109885 0.09868320847239957 -0.9271476653559826 0 0 0 0 0 0
-18.266163757916 5.541719944303903 -16.878193294941006 0.42292885636291955 -0.7116545024004438 0.5609626116495908 0.7585974291977668 -0.07000019907742812 -0.6477884782424425 0 0 0 0 0 0
-13.97613742764391 5.983053233277094 -19.83021526926082 0.5946735342970101 0.745507344004735 0.3009687486130552 0.6475188315107681 -0.2224770988731461 -0.7288506728513859 0 0 0 0 0 0
-7.469744835567936 0.676663816914285 -23.096494137064905 -0.4833007373483542 -0.07364122409943023 -0.8723516305892222 0.5984745122481102 -0.7633938566467864 -0.24301867793100257 0 0 0 0 0 0
-5.655667728267409 -4.5678480065493945 -23.298356487523325 0.2843518912197042 0.4813379226586872 0.829130753361855 0.20713564499502163 -0.8565078587962824 0.4727463510094012 0 0 0 0 0 0
-5.183978215205375 -7.672049623186065 -20.311161805597468 -0.05505151847194975 0.6970306381527276 0.7149249050007518 0.16187544550501026 -0.6876656018335708 0.7077516232389914 0 0 0 0 0 0
-2.614255833043741 -9.900111390501152 -17.343592207723415 -0.23080592987239235 -0.8615254707559391 -0.45221951082908596 -0.10075217348987461 -0.443989204211288 0.8903496987593658 0 0 0 0 0 0
-2.8302200776763335 -12.202008707763332 -13.729621436695286 0.05821308659076196 -0.8653326652143433 -0.4978058005513975 -0.11627872383775771 -0.49697964338647216 0.859936330458318 0 0 0 0 0 0
-5.079488355850103 -14.31546298122777 -10.26621131232919 0.3055461443778572 0.8282474678684834 0.4697315037606816 0.21139096764080878 -0.5368702830252519 0.8167522011015755 0 0 0 0 0 0
-4.139809547205432 -15.774352161386473 -6.187137126828376 -0.053463172161235986 0.9773676249632314 0.20468076337601981 0.308810842647571 -0.2087074697995345 0.927942377259048 0 0 0 0 0 0
-0.9038356022227094 -16.294436592935043 -2.7172297236077263 0.4632371483173302 -0.8459419806174449 -0.26418461319286224 0.31599807970601057 -0.14524955783558968 0.9375754793992213 0 0 0 0 0 0
4.061233389367544 -15.82209345688635 -0.80293048674581 -0.4848853068798148 0.8098406295634452 -0.33021870613329996 0.8582199780694731 0.35449400013361393 -0.3712040855266848 0 0 0 0 0 0
8.617748651158399 -12.874626028992303 -0.8175899587025117 0.17596834480363793 -0.8871822977044843 -0.42654743261079386 0.8565431200351135 0.3626127370819643 -0.3672136795197579 0 0 0 0 0 0
10.650221504882431 -12.640825281617852 -2.7933487117590237 0.4977945516274796 0.36089124290830465 0.788643198894212 0.6276905851475159 0.4968127845876661 -0.5993176005987298 0 0 0 0 0 0
13.44298224791129 -11.112284441214488 -4.505011112927899 -0.18082130865168491 0.8058878050459539 0.5637805424238289 0.5796765915835886 0.5492554378511905 -0.6019082265270432 0 0 0 0 0 0
14.662498933822953 -7.958183987604984 -7.770985822932122 0.20593365392758187 -0.5300810654768616 -0.8225602678241576 0.759616147509135 0.5982896846456152 -0.2550152185459339 0 0 0 0 0 0
16.860319113775972 -5.775392065223046 -9.555014929128262 0.7158099106588663 -0.6939326022794591 -0.0779340445261489 0.6723710026053865 0.6865448282855033 -0.2767190517652444 0 0 0 0 0 0
20.021514774770925 -3.645667099435351 -7.980003048705258 -0.17074539182982718 0.0891948400392528 -0.9812697344151866 0.662247050218305 0.7453910381968376 -0.07629577087227192 0 0 0 0 0 0
22.09579733417206 1.5316481673584692 -6.032941267828453 0.6006977026920373 -0.704352835892525 0.37821865706316826 0.07258155994947457 0.5632201347087974 0.8231129916444673 0 0 0 0 0 0
23.130799039830528 5.547653268420996 -2.230013651034875 -0.9000486019863527 -0.36334206347424935 0.24061392098689235 0.025857317091750116 0.47271145157568434 0.8808378299675974 0 0 0 0 0 0
21.82595011707752 7.342162338616585 3.0913283228252557 0.9795009527960589 0.09247294234907381 0.17895987931633642 -0.19262384059626494 0.09065192768919368 0.9770763962148395 0 0 0 0 0 0
20.327152480031287 6.159295842181657 9.253342039191882 0.8936425836706737 0.2665430373590623 0.3610508854521874 -0.36509176610550476 0.011701397039953465 0.9308979963611893 0 0 0 0 0 0
19.32858567719874 6.690939913026698 12.514688918170009 0.7323454339903616 -0.6260834394466861 0.26774930842875533 -0.4643795700962288 -0.21216098523460247 0.8598484350288279 0 0 0 0 0 0
16.020397163628214 1.8887303663168817 16.832629957961057 0.8166931502438783 -0.558387975167823 -0.14565427399396366 -0.5730838176314355 -0.8114943857023081 -0.11424447445112236 0 0 0 0 0 0
12.10559507964517 -1.8172097946604262 17.83720427480918 -0.09095366819859119 0.25272595820642185 -0.9632533520781884 -0.6657109024124747 -0.7303790625396559 -0.15289022013478254 0 0 0 0 0 0
10.776336111349684 -3.6547494307160786 16.038133754238924 -0.7413252922445552 0.09611312478933018 0.6642281824205863 -0.43639962162936596 -0.833101840056297 -0.33984804595077256 0 0 0 0 0 0
8.516179588977066 -5.992469186510376 14.616935732823721 -0.13657682179077676 -0.4399675354640028 0.8875670901330568 -0.43896050847522633 -0.7752979105051183 -0.4541220342216046 0 0 0 0 0 0
8.239409152162562 -10.089850495693739 12.583976249726938 -0.17179086410587022 0.5854366418631708 -0.7923079182828682 -0.7299380729405913 -0.6150395260082535 -0.2981891867914041 0 0 0 0 0 0
5.162581195367964 -12.310076428631994 10.298936804882878 0.26594455606060785 0.6305223856533582 -0.7291879142523716 -0.7478004076348829 -0.3693842851338543 -0.5516790735901214 0 0 0 0 0 0
0.8252393732173411 -12.40439506586801 8.934359175463005 -0.1544299075849721 -0.8139746698144819 0.5599970004774153 -0.7016724550966384 -0.34110112159827266 -0.625544395389373 0 0 0 0 0 0
-3.6747738640489422 -11.951455053264201 8.536129667242923 0.4894363047007759 -0.03217420262366633 0.8714453077080514 -0.7493085985576771 0.4729407433990469 0.46353390098318226 0 0 0 0 0 0
-4.77628429771266 -9.760246219658796 10.570937681605074 -0.5732807840998739 -0.7176465066395471 0.395389218479574 -0.5065094928626459 0.7127822839182807 0.48516960887123245 0 0 0 0 0 0
-7.879752646516561 -6.789571491522418 10.893366668941649 0.8796737317066483 0.3480601470023764 0.32408063782642726 -0.4386578066480875 0.5426784785760512 0.7162956076628358 0 0 0 0 0 0
-7.287989288525965 -5.768899691231192 14.68839184301315 0.5441100762419585 0.6431078025195875 -0.5388474545457158 -0.13367842548580058 0.7133537440733176 0.6879364173935095 0 0 0 0 0 0
-8.128846861252162 -2.550524310342126 16.860208440090336 0.7581002359468249 0.4943599467141551 -0.42531432534320573 -0.12908101950909456 0.7464173184687656 0.6528393960940088 0 0 0 0 0 0
-9.37911664542936 2.317345436511133 16.532037893364986 -0.6200378414409522 -0.3018658568687433 0.7241754481050457 -0.18917007526345722 0.9440363830748806 0.27020360851719816 0 0 0 0 0 0
-9.867001526177617 5.8644230941207205 17.736522050383886 -0.8360593533289171 -0.1566360870819201 0.5258040451868911 -0.23248319778030435 0.9721304590470589 -0.030231330483430144 0 0 0 0 0 0
-12.701259227032484 12.028255319891509 15.998448822422047 -0.7405850574727968 -0.6708922457682623 -0.037912626076699874 -0.4210742832484695 0.5296016890712981 -0.736354872951633 0 0 0 0 0 0
-14.840026078195649 15.086993011314698 11.136826019652705 0.2455437727467651 -0.9317372508657825 -0.26753308396226233 -0.44046295469425695 0.13452522851744914 -0.8876346931223075 0 0 0 0 0 0
-16.907550461850875 14.770618206731328 7.751463613906481 0.5795568186056242 -0.7775535062996278 -0.24397630796633152 -0.3905271600721628 -0.006095892615958379 -0.9205712233929465 0 0 0 0 0 0
-20.544545396995346 9.955772656114307 1.6893409144342022 -0.8126244493320293 0.5720277776087183 -0.11147074051896765 -0.2884116588694115 -0.5427788488453349 -0.7888027866801228 0 0 0 0 0 0
-20.886714790567638 10.603452449097077 -3.323109704630489 0.6401103702270748 -0.7379277956211139 0.21382535485185283 -0.05689813788204847 -0.3090541975973694 -0.9493408791645925 0 0 0 0 0 0
-20.771351764480674 8.645068528698495 -5.422948060956725 0.350187075868876 0.8380728237453076 -0.41833354395024647 -0.1504358149813721 -0.36888459006106356 -0.9172203796178819 0 0 0 0 0 0
-19.062532643128332 8.31892770040061 -11.36101158585493 -0.3806390477713616 -0.9224049543679945 -0.06544475127226804 0.5345627792860388 -0.16429133272248148 -0.8290060271157602 0 0 0 0 0 0
-16.705218857217393 6.78816090105225 -15.851461509112912 -0.4812940421265622 0.7311477188663097 -0.48350704049689575 0.4687811597179824 -0.25394721878322024 -0.8460230696415616 0 0 0 0 0 0
-14.724586692837715 4.307992634520196 -19.526406792685194 -0.14418232097441014 -0.9829219509557671 0.11434988695989484 0.8619549761516228 -0.19889893110034623 -0.46633982705168453 0 0 0 0 0 0
-10.002352488905233 4.803268747692189 -22.733035004626213 0.35484815462923597 -0.39391870306625065 0.8478861023338151 0.8816192879579313 -0.15960736546479645 -0.4441541624142873 0 0 0 0 0 0
-6.0576543556228035 3.7194907731163913 -24.02997038577694 0.09685808291586376 -0.5543188423497194 0.8266493408876163 0.9858645142060012 -0.06428770671971112 -0.15471990949482112 0 0 0 0 0 0
2.201645784423684 2.6990765056326387 -23.844885915530725 -0.006211335895255234 -0.8708178514124011 0.4915665661615785 0.9627836653554099 0.10719550920799777 0.24810630086807559 0 0 0 0 0 0
11.77798661328994 0.11263205478281708 -22.172534894041846 -0.38844819133778735 -0.12043223387860862 0.9135666804833733 0.9023101525647558 0.15502584305661532 0.4022479043614186 0 0 0 0 0 0
16.864698719694932 2.498046121128862 -18.833203037912984 -0.4283593031950504 -0.3240101621498751 0.8435198410173068 0.8693720337426368 0.11616424191580174 0.48031045777321846 0 0 0 0 0 0
20.684751371328563 2.9779129348148605 -16.15145040425309 0.2333809284294466 -0.9582304245697768 -0.16531120855596812 0.7763158346872416 0.052910069240350036 0.6281196139166748 0 0 0 0 0 0
